=== Run information ===

Scheme:       weka.classifiers.lazy.IBk -K 1 -W 0 -A "weka.core.neighboursearch.LinearNNSearch -A \"weka.core.EuclideanDistance -R first-last\""
Relation:     KahramanmarasVeriset
Instances:    2184
Attributes:   8
              Tarih
              PM10
              PM10Debi
              SO2
              Havasicakligi
              Ruzgarhizi
              Bagilnem
              kabinsicakligi
Test mode:    10-fold cross-validation

=== Classifier model (full training set) ===

IB1 instance-based classifier
using 1 nearest neighbour(s) for classification


Time taken to build model: 0 seconds

=== Stratified cross-validation ===
=== Summary ===

Correctly Classified Instances         747               34.2033 %
Kappa statistic                          0.3347
Mean absolute error                      0.0146
Root mean squared error                  0.117 
Relative absolute error                 68.02   %
Root relative squared error            112.8232 %
Total Number of Instances             2184     

=== Detailed Accuracy By Class ===

                 TP Rate  FP Rate  Precision  Recall   F-Measure  MCC      ROC Area  PRC Area  Class
                 0,000    0,001    0,000      0,000    0,000      -0,001   0,798     0,002     4/1/2020
                 0,000    0,008    0,000      0,000    0,000      -0,010   0,545     0,012     3/31/2020
                 0,125    0,010    0,120      0,125    0,122      0,113    0,548     0,030     3/30/2020
                 0,292    0,008    0,292      0,292    0,292      0,284    0,646     0,101     3/29/2020
                 0,125    0,008    0,150      0,125    0,136      0,128    0,508     0,025     3/28/2020
                 0,292    0,006    0,333      0,292    0,311      0,305    0,646     0,106     3/27/2020
                 0,042    0,009    0,048      0,042    0,044      0,035    0,469     0,012     3/26/2020
                 0,083    0,015    0,057      0,083    0,068      0,056    0,558     0,019     3/25/2020
                 0,125    0,017    0,077      0,125    0,095      0,085    0,545     0,024     3/24/2020
                 0,083    0,011    0,080      0,083    0,082      0,071    0,498     0,016     3/23/2020
                 0,083    0,011    0,080      0,083    0,082      0,071    0,518     0,019     3/22/2020
                 0,167    0,007    0,200      0,167    0,182      0,174    0,620     0,038     3/21/2020
                 0,292    0,010    0,241      0,292    0,264      0,256    0,687     0,085     3/20/2020
                 0,292    0,010    0,250      0,292    0,269      0,261    0,625     0,099     3/19/2020
                 0,708    0,006    0,586      0,708    0,642      0,640    0,835     0,431     3/18/2020
                 0,667    0,007    0,500      0,667    0,571      0,572    0,784     0,348     3/17/2020
                 0,083    0,008    0,100      0,083    0,091      0,082    0,562     0,026     3/16/2020
                 0,167    0,007    0,200      0,167    0,182      0,174    0,538     0,041     3/15/2020
                 0,458    0,004    0,579      0,458    0,512      0,510    0,724     0,287     3/14/2020
                 0,417    0,005    0,476      0,417    0,444      0,440    0,693     0,237     3/13/2020
                 0,167    0,006    0,235      0,167    0,195      0,191    0,580     0,046     3/12/2020
                 0,125    0,010    0,125      0,125    0,125      0,115    0,508     0,023     3/11/2020
                 0,542    0,007    0,448      0,542    0,491      0,487    0,779     0,234     3/10/2020
                 0,208    0,008    0,227      0,208    0,217      0,209    0,586     0,056     3/9/2020
                 0,250    0,007    0,273      0,250    0,261      0,253    0,617     0,072     3/8/2020
                 0,250    0,007    0,273      0,250    0,261      0,253    0,596     0,067     3/7/2020
                 0,250    0,010    0,222      0,250    0,235      0,227    0,637     0,076     3/6/2020
                 0,167    0,008    0,182      0,167    0,174      0,165    0,558     0,044     3/5/2020
                 0,083    0,007    0,118      0,083    0,098      0,091    0,521     0,020     3/4/2020
                 0,083    0,022    0,040      0,083    0,054      0,043    0,576     0,015     3/3/2020
                 0,125    0,033    0,041      0,125    0,061      0,053    0,558     0,016     3/2/2020
                 0,458    0,005    0,524      0,458    0,489      0,485    0,723     0,234     3/1/2020
                 0,333    0,006    0,400      0,333    0,364      0,359    0,676     0,146     2/29/2020
                 0,208    0,009    0,200      0,208    0,204      0,195    0,629     0,066     2/28/2020
                 0,125    0,010    0,125      0,125    0,125      0,115    0,591     0,025     2/27/2020
                 0,042    0,027    0,017      0,042    0,024      0,009    0,566     0,014     2/26/2020
                 0,583    0,006    0,500      0,583    0,538      0,535    0,830     0,322     2/25/2020
                 0,333    0,009    0,286      0,333    0,308      0,300    0,612     0,091     2/24/2020
                 0,208    0,007    0,238      0,208    0,222      0,215    0,608     0,057     2/23/2020
                 0,500    0,008    0,414      0,500    0,453      0,448    0,730     0,242     2/22/2020
                 0,750    0,006    0,581      0,750    0,655      0,656    0,863     0,422     2/21/2020
                 0,708    0,004    0,654      0,708    0,680      0,677    0,814     0,439     2/20/2020
                 0,625    0,006    0,556      0,625    0,588      0,584    0,776     0,316     2/19/2020
                 0,250    0,011    0,207      0,250    0,226      0,218    0,636     0,066     2/18/2020
                 0,208    0,007    0,238      0,208    0,222      0,215    0,587     0,061     2/17/2020
                 0,583    0,005    0,560      0,583    0,571      0,567    0,748     0,350     2/16/2020
                 0,667    0,003    0,727      0,667    0,696      0,693    0,786     0,457     2/15/2020
                 1,000    0,001    0,923      1,000    0,960      0,960    0,999     0,890     2/14/2020
                 0,625    0,007    0,484      0,625    0,545      0,544    0,816     0,280     2/13/2020
                 0,458    0,004    0,550      0,458    0,500      0,497    0,702     0,256     2/12/2020
                 0,792    0,002    0,826      0,792    0,809      0,807    0,895     0,699     2/11/2020
                 0,667    0,002    0,800      0,667    0,727      0,728    0,828     0,532     2/10/2020
                 0,792    0,005    0,655      0,792    0,717      0,717    0,914     0,528     2/9/2020
                 0,292    0,001    0,700      0,292    0,412      0,448    0,628     0,200     2/8/2020
                 0,000    0,000    ?          0,000    ?          ?        0,550     0,012     2/7/2020
                 0,000    0,002    0,000      0,000    0,000      -0,005   0,549     0,012     2/6/2020
                 0,708    0,006    0,548      0,708    0,618      0,619    0,834     0,393     2/5/2020
                 0,208    0,001    0,625      0,208    0,313      0,357    0,611     0,159     2/4/2020
                 0,000    0,000    0,000      0,000    0,000      -0,002   0,550     0,012     2/3/2020
                 0,000    0,000    ?          0,000    ?          ?        0,466     0,010     2/2/2020
                 0,000    0,000    ?          0,000    ?          ?        0,508     0,011     2/1/2020
                 0,292    0,001    0,778      0,292    0,424      0,473    0,691     0,257     1/31/2020
                 0,542    0,007    0,464      0,542    0,500      0,496    0,739     0,308     1/30/2020
                 0,792    0,004    0,704      0,792    0,745      0,743    0,873     0,548     1/29/2020
                 0,667    0,006    0,571      0,667    0,615      0,613    0,867     0,384     1/28/2020
                 0,333    0,006    0,400      0,333    0,364      0,359    0,655     0,136     1/27/2020
                 0,542    0,003    0,684      0,542    0,605      0,605    0,803     0,364     1/26/2020
                 0,458    0,019    0,216      0,458    0,293      0,304    0,776     0,102     1/25/2020
                 0,667    0,003    0,696      0,667    0,681      0,678    0,807     0,526     1/24/2020
                 0,417    0,006    0,455      0,417    0,435      0,429    0,672     0,190     1/23/2020
                 0,250    0,005    0,353      0,250    0,293      0,291    0,597     0,105     1/22/2020
                 0,583    0,006    0,538      0,583    0,560      0,555    0,809     0,326     1/21/2020
                 0,542    0,005    0,565      0,542    0,553      0,548    0,739     0,329     1/20/2020
                 0,417    0,007    0,385      0,417    0,400      0,393    0,713     0,197     1/19/2020
                 0,292    0,007    0,318      0,292    0,304      0,297    0,645     0,088     1/18/2020
                 0,208    0,016    0,125      0,208    0,156      0,149    0,603     0,034     1/17/2020
                 0,458    0,006    0,458      0,458    0,458      0,452    0,722     0,218     1/16/2020
                 0,250    0,008    0,261      0,250    0,255      0,247    0,596     0,078     1/15/2020
                 0,250    0,010    0,214      0,250    0,231      0,222    0,594     0,064     1/14/2020
                 0,333    0,005    0,444      0,333    0,381      0,379    0,655     0,143     1/13/2020
                 0,375    0,007    0,375      0,375    0,375      0,368    0,664     0,153     1/12/2020
                 0,042    0,020    0,022      0,042    0,029      0,016    0,527     0,013     1/11/2020
                 0,333    0,005    0,444      0,333    0,381      0,379    0,635     0,138     1/10/2020
                 0,167    0,014    0,118      0,167    0,138      0,129    0,596     0,032     1/9/2020
                 0,458    0,006    0,478      0,458    0,468      0,462    0,722     0,214     1/8/2020
                 0,875    0,001    0,875      0,875    0,875      0,874    0,912     0,824     1/7/2020
                 0,500    0,007    0,444      0,500    0,471      0,465    0,729     0,214     1/6/2020
                 0,417    0,004    0,556      0,417    0,476      0,476    0,694     0,232     1/5/2020
                 0,458    0,004    0,550      0,458    0,500      0,497    0,764     0,283     1/4/2020
                 0,292    0,010    0,250      0,292    0,269      0,261    0,645     0,085     1/3/2020
                 0,042    0,002    0,167      0,042    0,067      0,078    0,515     0,018     1/2/2020
                 0,000    0,001    0,000      0,000    0,000      -0,003   0,527     0,011     1/1/2020
Weighted Avg.    0,342    0,007    ?          0,342    ?          ?        0,666     0,182     

=== Confusion Matrix ===

  a  b  c  d  e  f  g  h  i  j  k  l  m  n  o  p  q  r  s  t  u  v  w  x  y  z aa ab ac ad ae af ag ah ai aj ak al am an ao ap aq ar as at au av aw ax ay az ba bb bc bd be bf bg bh bi bj bk bl bm bn bo bp bq br bs bt bu bv bw bx by bz ca cb cc cd ce cf cg ch ci cj ck cl cm cn   <-- classified as
  0  0  0  2  0  0  0  0  0  0  0  0  0  0  0  0  0  0  0  0  0  0  0  0  0  0  0  0  0  0  0  0  0  0  0  0  0  0  0  0  0  0  0  0  0  0  0  0  0  0  0  0  0  0  0  0  0  0  0  0  0  0  0  0  0  0  0  0  0  0  0  0  0  0  0  0  0  0  0  0  0  0  0  0  0  0  0  0  0  0  0  0 |  a = 4/1/2020
  0  0  1  1  1  1  0  0  0  5  0  0  2  0  0  2  4  0  0  1  0  0  0  0  0  0  0  1  1  1  0  0  0  0  0  1  0  0  0  0  2  0  0  0  0  0  0  0  0  0  0  0  0  0  0  0  0  0  0  0  0  0  0  0  0  0  0  0  0  0  0  0  0  0  0  0  0  0  0  0  0  0  0  0  0  0  0  0  0  0  0  0 |  b = 3/31/2020
  0  1  3  1  0  0  1  1  0  0  1  3  1  0  0  0  1  1  1  0  1  0  0  0  2  0  0  0  0  0  2  2  0  0  0  0  0  1  1  0  0  0  0  0  0  0  0  0  0  0  0  0  0  0  0  0  0  0  0  0  0  0  0  0  0  0  0  0  0  0  0  0  0  0  0  0  0  0  0  0  0  0  0  0  0  0  0  0  0  0  0  0 |  c = 3/30/2020
  3  0  1  7  2  1  0  1  1  0  0  0  1  0  0  0  2  0  2  1  0  0  0  0  0  0  0  0  0  0  0  0  1  0  1  0  0  0  0  0  0  0  0  0  0  0  0  0  0  0  0  0  0  0  0  0  0  0  0  0  0  0  0  0  0  0  0  0  0  0  0  0  0  0  0  0  0  0  0  0  0  0  0  0  0  0  0  0  0  0  0  0 |  d = 3/29/2020
  0  2  0  4  3  0  1  5  3  1  0  0  0  0  0  0  0  0  0  0  0  0  0  0  0  0  2  0  0  0  1  0  0  1  1  0  0  0  0  0  0  0  0  0  0  0  0  0  0  0  0  0  0  0  0  0  0  0  0  0  0  0  0  0  0  0  0  0  0  0  0  0  0  0  0  0  0  0  0  0  0  0  0  0  0  0  0  0  0  0  0  0 |  e = 3/28/2020
  0  0  0  1  1  7  1  3  5  0  0  1  0  0  0  0  0  0  2  2  1  0  0  0  0  0  0  0  0  0  0  0  0  0  0  0  0  0  0  0  0  0  0  0  0  0  0  0  0  0  0  0  0  0  0  0  0  0  0  0  0  0  0  0  0  0  0  0  0  0  0  0  0  0  0  0  0  0  0  0  0  0  0  0  0  0  0  0  0  0  0  0 |  f = 3/27/2020
  0  0  2  0  1  1  1  1  1  3  2  0  0  1  0  0  0  4  0  0  1  2  1  0  0  0  0  2  0  0  0  1  0  0  0  0  0  0  0  0  0  0  0  0  0  0  0  0  0  0  0  0  0  0  0  0  0  0  0  0  0  0  0  0  0  0  0  0  0  0  0  0  0  0  0  0  0  0  0  0  0  0  0  0  0  0  0  0  0  0  0  0 |  g = 3/26/2020
  0  1  1  0  2  0  1  2  2  0  2  0  4  0  0  0  1  1  0  2  2  0  0  0  0  0  0  0  0  0  0  0  0  2  0  1  0  0  0  0  0  0  0  0  0  0  0  0  0  0  0  0  0  0  0  0  0  0  0  0  0  0  0  0  0  0  0  0  0  0  0  0  0  0  0  0  0  0  0  0  0  0  0  0  0  0  0  0  0  0  0  0 |  h = 3/25/2020
  0  0  0  1  2  3  0  3  3  1  0  2  0  0  0  1  1  1  1  0  0  0  0  0  0  1  0  0  1  0  1  0  1  0  0  1  0  0  0  0  0  0  0  0  0  0  0  0  0  0  0  0  0  0  0  0  0  0  0  0  0  0  0  0  0  0  0  0  0  0  0  0  0  0  0  0  0  0  0  0  0  0  0  0  0  0  0  0  0  0  0  0 |  i = 3/24/2020
  0  4  0  0  1  0  2  0  1  2  1  0  2  1  0  0  1  2  0  0  0  1  2  0  0  0  0  2  0  0  0  0  0  1  0  0  0  0  1  0  0  0  0  0  0  0  0  0  0  0  0  0  0  0  0  0  0  0  0  0  0  0  0  0  0  0  0  0  0  0  0  0  0  0  0  0  0  0  0  0  0  0  0  0  0  0  0  0  0  0  0  0 |  j = 3/23/2020
  0  1  1  0  0  0  0  3  1  3  2  0  1  2  0  0  1  0  0  0  0  1  1  0  0  1  1  1  0  1  2  0  0  0  1  0  0  0  0  0  0  0  0  0  0  0  0  0  0  0  0  0  0  0  0  0  0  0  0  0  0  0  0  0  0  0  0  0  0  0  0  0  0  0  0  0  0  0  0  0  0  0  0  0  0  0  0  0  0  0  0  0 |  k = 3/22/2020
  0  0  1  0  0  1  0  0  1  1  0  4  1  2  0  0  1  1  0  0  0  0  0  0  0  0  1  0  1  2  0  0  0  0  0  2  1  1  0  2  0  0  1  0  0  0  0  0  0  0  0  0  0  0  0  0  0  0  0  0  0  0  0  0  0  0  0  0  0  0  0  0  0  0  0  0  0  0  0  0  0  0  0  0  0  0  0  0  0  0  0  0 |  l = 3/21/2020
  0  0  1  1  0  0  0  3  0  1  0  0  7  3  2  1  0  0  0  0  0  0  0  0  0  0  0  0  0  0  3  0  0  0  0  0  2  0  0  0  0  0  0  0  0  0  0  0  0  0  0  0  0  0  0  0  0  0  0  0  0  0  0  0  0  0  0  0  0  0  0  0  0  0  0  0  0  0  0  0  0  0  0  0  0  0  0  0  0  0  0  0 |  m = 3/20/2020
  0  0  0  0  0  0  1  0  0  1  0  0  3  7  1  2  0  0  0  0  0  0  0  1  0  1  0  0  0  2  1  0  1  1  0  0  0  0  0  0  0  0  0  0  0  0  0  0  2  0  0  0  0  0  0  0  0  0  0  0  0  0  0  0  0  0  0  0  0  0  0  0  0  0  0  0  0  0  0  0  0  0  0  0  0  0  0  0  0  0  0  0 |  n = 3/19/2020
  0  0  0  0  0  0  0  0  0  0  0  0  0  1 17  4  0  0  0  0  0  0  0  0  0  0  0  0  0  0  0  0  0  0  0  0  0  0  1  1  0  0  0  0  0  0  0  0  0  0  0  0  0  0  0  0  0  0  0  0  0  0  0  0  0  0  0  0  0  0  0  0  0  0  0  0  0  0  0  0  0  0  0  0  0  0  0  0  0  0  0  0 |  o = 3/18/2020
  0  0  0  0  0  0  0  0  0  0  0  0  1  0  3 16  0  0  0  0  0  0  0  0  0  0  0  0  0  0  1  1  0  0  0  0  0  1  0  1  0  0  0  0  0  0  0  0  0  0  0  0  0  0  0  0  0  0  0  0  0  0  0  0  0  0  0  0  0  0  0  0  0  0  0  0  0  0  0  0  0  0  0  0  0  0  0  0  0  0  0  0 |  p = 3/17/2020
  0  2  1  1  1  0  2  1  2  0  1  1  0  0  0  1  2  0  1  1  0  0  0  0  0  0  1  2  1  0  1  0  0  1  0  0  0  1  0  0  0  0  0  0  0  0  0  0  0  0  0  0  0  0  0  0  0  0  0  0  0  0  0  0  0  0  0  0  0  0  0  0  0  0  0  0  0  0  0  0  0  0  0  0  0  0  0  0  0  0  0  0 |  q = 3/16/2020
  0  1  0  0  1  0  7  0  1  3  1  0  0  0  0  0  0  4  0  0  1  2  1  0  0  0  0  0  0  0  0  0  0  0  0  1  0  1  0  0  0  0  0  0  0  0  0  0  0  0  0  0  0  0  0  0  0  0  0  0  0  0  0  0  0  0  0  0  0  0  0  0  0  0  0  0  0  0  0  0  0  0  0  0  0  0  0  0  0  0  0  0 |  r = 3/15/2020
  0  0  0  2  0  3  0  3  2  0  0  0  0  0  0  0  2  0 11  0  1  0  0  0  0  0  0  0  0  0  0  0  0  0  0  0  0  0  0  0  0  0  0  0  0  0  0  0  0  0  0  0  0  0  0  0  0  0  0  0  0  0  0  0  0  0  0  0  0  0  0  0  0  0  0  0  0  0  0  0  0  0  0  0  0  0  0  0  0  0  0  0 |  s = 3/14/2020
  0  0  0  0  1  2  0  3  3  0  1  1  0  0  0  0  1  0  0 10  1  0  0  0  0  0  0  0  0  0  0  0  0  0  0  0  0  1  0  0  0  0  0  0  0  0  0  0  0  0  0  0  0  0  0  0  0  0  0  0  0  0  0  0  0  0  0  0  0  0  0  0  0  0  0  0  0  0  0  0  0  0  0  0  0  0  0  0  0  0  0  0 |  t = 3/13/2020
  0  1  0  0  0  1  0  3  1  0  1  0  0  0  0  0  0  1  1  1  4  5  1  0  1  1  0  0  0  0  1  0  1  0  0  0  0  0  0  0  0  0  0  0  0  0  0  0  0  0  0  0  0  0  0  0  0  0  0  0  0  0  0  0  0  0  0  0  0  0  0  0  0  0  0  0  0  0  0  0  0  0  0  0  0  0  0  0  0  0  0  0 |  u = 3/12/2020
  0  0  0  0  0  1  1  1  0  1  1  0  0  0  0  0  0  1  0  0  3  3  3  3  0  0  0  1  1  0  1  0  0  0  0  0  0  3  0  0  0  0  0  0  0  0  0  0  0  0  0  0  0  0  0  0  0  0  0  0  0  0  0  0  0  0  0  0  0  0  0  0  0  0  0  0  0  0  0  0  0  0  0  0  0  0  0  0  0  0  0  0 |  v = 3/11/2020
  0  0  0  0  0  0  0  0  0  0  0  0  0  0  0  0  0  1  0  1  0  3 13  1  0  0  2  1  1  0  0  0  0  0  1  0  0  0  0  0  0  0  0  0  0  0  0  0  0  0  0  0  0  0  0  0  0  0  0  0  0  0  0  0  0  0  0  0  0  0  0  0  0  0  0  0  0  0  0  0  0  0  0  0  0  0  0  0  0  0  0  0 |  w = 3/10/2020
  0  1  0  0  0  0  0  0  0  0  1  0  0  0  0  0  0  2  0  0  0  2  1  5  7  0  1  1  0  0  0  1  0  0  0  0  0  1  0  0  0  0  0  0  0  0  0  0  0  0  0  0  0  0  0  0  0  0  0  0  0  0  0  0  0  0  0  0  0  1  0  0  0  0  0  0  0  0  0  0  0  0  0  0  0  0  0  0  0  0  0  0 |  x = 3/9/2020
  0  0  2  0  0  0  0  0  0  0  1  0  0  0  0  0  0  0  0  0  0  0  0  6  6  4  0  1  1  0  1  0  1  0  0  1  0  0  0  0  0  0  0  0  0  0  0  0  0  0  0  0  0  0  0  0  0  0  0  0  0  0  0  0  0  0  0  0  0  0  0  0  0  0  0  0  0  0  0  0  0  0  0  0  0  0  0  0  0  0  0  0 |  y = 3/8/2020
  0  0  2  0  0  0  0  0  1  0  1  0  0  1  0  0  0  0  0  0  0  0  0  0  5  6  1  1  2  1  0  1  0  0  1  0  0  0  0  0  0  0  0  0  0  0  0  0  0  0  0  0  0  0  0  0  0  0  0  0  0  0  0  0  0  0  0  1  0  0  0  0  0  0  0  0  0  0  0  0  0  0  0  0  0  0  0  0  0  0  0  0 |  z = 3/7/2020
  0  0  2  1  3  0  0  0  0  0  2  0  0  0  0  0  2  0  0  1  0  0  0  0  0  0  6  1  0  0  0  0  0  3  1  0  0  0  2  0  0  0  0  0  0  0  0  0  0  0  0  0  0  0  0  0  0  0  0  0  0  0  0  0  0  0  0  0  0  0  0  0  0  0  0  0  0  0  0  0  0  0  0  0  0  0  0  0  0  0  0  0 | aa = 3/6/2020
  0  1  0  0  0  0  3  0  1  1  0  0  0  0  1  0  0  0  0  0  1  0  3  2  0  0  1  4  0  1  0  0  0  0  1  0  1  0  2  0  0  0  1  0  0  0  0  0  0  0  0  0  0  0  0  0  0  0  0  0  0  0  0  0  0  0  0  0  0  0  0  0  0  0  0  0  0  0  0  0  0  0  0  0  0  0  0  0  0  0  0  0 | ab = 3/5/2020
  0  2  0  0  0  0  0  1  1  1  2  2  0  0  0  0  0  0  0  0  0  1  2  1  0  2  1  0  2  2  1  0  0  0  0  1  0  1  0  0  0  0  0  0  1  0  0  0  0  0  0  0  0  0  0  0  0  0  0  0  0  0  0  0  0  0  0  0  0  0  0  0  0  0  0  0  0  0  0  0  0  0  0  0  0  0  0  0  0  0  0  0 | ac = 3/4/2020
  0  0  0  0  0  0  0  0  0  0  2  1  1  1  0  0  0  1  0  0  0  0  0  0  1  0  0  2  3  2  0  0  0  0  0  5  0  1  1  0  0  0  1  0  0  0  0  0  1  0  0  0  0  0  0  0  0  0  0  0  0  0  0  0  0  0  0  0  0  0  1  0  0  0  0  0  0  0  0  0  0  0  0  0  0  0  0  0  0  0  0  0 | ad = 3/3/2020
  0  0  1  0  0  0  0  0  1  0  1  0  1  3  1  1  0  0  0  0  1  1  0  0  0  0  0  0  0  1  3  0  1  0  0  3  0  0  1  0  0  1  0  1  0  0  0  0  1  0  0  0  0  0  0  0  0  0  0  0  0  0  0  0  0  0  0  0  0  0  1  0  0  0  0  0  0  0  0  0  0  0  0  0  0  0  0  0  0  0  0  0 | ae = 3/2/2020
  0  0  3  0  0  0  0  0  0  0  0  0  1  0  0  1  0  0  0  0  0  0  0  0  0  1  0  0  0  0  1 11  3  0  0  0  0  1  0  2  0  0  0  0  0  0  0  0  0  0  0  0  0  0  0  0  0  0  0  0  0  0  0  0  0  0  0  0  0  0  0  0  0  0  0  0  0  0  0  0  0  0  0  0  0  0  0  0  0  0  0  0 | af = 3/1/2020
  0  0  0  0  0  0  0  0  2  0  0  0  0  0  0  0  1  0  0  0  0  0  0  0  0  3  1  0  0  0  1  2  8  0  0  0  3  0  0  3  0  0  0  0  0  0  0  0  0  0  0  0  0  0  0  0  0  0  0  0  0  0  0  0  0  0  0  0  0  0  0  0  0  0  0  0  0  0  0  0  0  0  0  0  0  0  0  0  0  0  0  0 | ag = 2/29/2020
  0  0  0  0  0  0  0  1  3  0  0  0  0  1  0  0  0  0  0  0  0  0  1  0  0  0  3  0  0  1  0  0  0  5  2  0  2  4  1  0  0  0  0  0  0  0  0  0  0  0  0  0  0  0  0  0  0  0  0  0  0  0  0  0  0  0  0  0  0  0  0  0  0  0  0  0  0  0  0  0  0  0  0  0  0  0  0  0  0  0  0  0 | ah = 2/28/2020
  0  0  0  1  1  0  0  0  0  0  1  0  0  0  0  0  0  0  0  0  0  0  0  0  0  1  0  1  0  2  0  0  0  2  3  3  1  1  1  0  0  0  0  3  1  0  0  0  2  0  0  0  0  0  0  0  0  0  0  0  0  0  0  0  0  0  0  0  0  0  0  0  0  0  0  0  0  0  0  0  0  0  0  0  0  0  0  0  0  0  0  0 | ai = 2/27/2020
  0  1  0  0  0  0  0  0  2  0  0  2  1  0  0  0  0  0  0  0  0  1  0  0  0  0  0  0  1  1  3  0  0  0  3  1  0  0  0  0  0  0  0  1  1  1  0  0  2  0  0  0  0  0  0  0  0  0  0  0  0  0  0  0  0  1  0  0  0  0  2  0  0  0  0  0  0  0  0  0  0  0  0  0  0  0  0  0  0  0  0  0 | aj = 2/26/2020
  0  0  0  0  0  0  0  0  0  0  0  0  2  1  0  1  0  0  0  0  0  0  0  0  0  0  0  0  0  0  0  0  0  2  1  0 14  0  0  1  1  0  0  1  0  0  0  0  0  0  0  0  0  0  0  0  0  0  0  0  0  0  0  0  0  0  0  0  0  0  0  0  0  0  0  0  0  0  0  0  0  0  0  0  0  0  0  0  0  0  0  0 | ak = 2/25/2020
  0  0  1  0  0  0  0  0  0  0  0  0  0  1  0  1  0  0  0  0  0  1  0  2  0  1  0  0  1  1  0  1  0  3  1  0  0  8  0  1  0  0  0  0  0  1  0  0  0  0  0  0  0  0  0  0  0  0  0  0  0  0  0  0  0  0  0  0  0  0  0  0  0  0  0  0  0  0  0  0  0  0  0  0  0  0  0  0  0  0  0  0 | al = 2/24/2020
  0  0  2  0  0  0  0  0  1  1  0  0  0  0  1  0  0  0  0  1  0  0  0  0  0  0  2  1  0  1  1  0  0  1  0  0  0  0  5  2  0  0  4  0  1  0  0  0  0  0  0  0  0  0  0  0  0  0  0  0  0  0  0  0  0  0  0  0  0  0  0  0  0  0  0  0  0  0  0  0  0  0  0  0  0  0  0  0  0  0  0  0 | am = 2/23/2020
  0  0  0  1  0  0  0  0  0  0  0  1  0  0  1  0  0  0  0  0  0  0  0  0  0  0  0  0  0  0  0  1  2  1  0  0  2  1  1 12  1  0  0  0  0  0  0  0  0  0  0  0  0  0  0  0  0  0  0  0  0  0  0  0  0  0  0  0  0  0  0  0  0  0  0  0  0  0  0  0  0  0  0  0  0  0  0  0  0  0  0  0 | an = 2/22/2020
  0  0  0  0  0  0  0  0  0  0  0  0  0  0  0  0  0  0  0  0  0  0  0  0  0  0  0  0  0  0  0  0  0  0  0  0  0  1  0  1 18  4  0  0  0  0  0  0  0  0  0  0  0  0  0  0  0  0  0  0  0  0  0  0  0  0  0  0  0  0  0  0  0  0  0  0  0  0  0  0  0  0  0  0  0  0  0  0  0  0  0  0 | ao = 2/21/2020
  0  0  0  0  0  0  0  0  0  0  1  0  0  0  0  0  0  0  0  0  0  0  0  0  0  0  0  0  0  0  0  0  0  0  0  0  1  0  0  0  3 17  1  0  0  0  1  0  0  0  0  0  0  0  0  0  0  0  0  0  0  0  0  0  0  0  0  0  0  0  0  0  0  0  0  0  0  0  0  0  0  0  0  0  0  0  0  0  0  0  0  0 | ap = 2/20/2020
  0  0  0  0  0  0  0  0  0  0  0  2  0  0  0  0  0  0  0  0  0  0  0  0  0  0  0  0  0  0  1  0  0  0  0  1  0  0  3  0  0  0 15  0  1  0  0  0  0  0  0  0  0  0  0  0  0  0  0  0  0  0  0  0  0  0  0  0  0  0  1  0  0  0  0  0  0  0  0  0  0  0  0  0  0  0  0  0  0  0  0  0 | aq = 2/19/2020
  0  0  0  0  0  0  0  0  0  0  0  0  0  0  0  0  0  0  0  0  0  0  0  0  0  0  0  0  0  0  1  0  0  1  2  2  1  0  0  0  0  0  1  6  2  7  1  0  0  0  0  0  0  0  0  0  0  0  0  0  0  0  0  0  0  0  0  0  0  0  0  0  0  0  0  0  0  0  0  0  0  0  0  0  0  0  0  0  0  0  0  0 | ar = 2/18/2020
  0  0  0  0  0  0  0  0  0  0  0  0  0  0  0  0  0  0  0  0  0  0  0  0  0  0  0  0  1  1  0  0  1  0  3  0  0  0  0  1  0  0  2  2  5  1  1  0  0  1  0  0  0  0  0  0  0  0  0  0  0  0  0  0  0  2  0  0  0  3  0  0  0  0  0  0  0  0  0  0  0  0  0  0  0  0  0  0  0  0  0  0 | as = 2/17/2020
  0  0  0  0  0  0  0  0  0  0  0  0  0  0  0  0  0  0  0  0  0  0  0  0  0  0  0  0  0  0  1  0  0  0  0  1  0  0  0  0  0  1  0  5  1 14  1  0  0  0  0  0  0  0  0  0  0  0  0  0  0  0  0  0  0  0  0  0  0  0  0  0  0  0  0  0  0  0  0  0  0  0  0  0  0  0  0  0  0  0  0  0 | at = 2/16/2020
  0  0  0  0  0  0  0  0  0  0  0  0  0  0  0  0  0  0  0  0  0  0  0  0  0  0  0  0  0  0  0  0  0  0  0  0  0  0  0  0  0  1  0  2  1  1 16  1  1  0  0  0  0  0  0  0  0  0  0  0  0  0  0  0  0  0  1  0  0  0  0  0  0  0  0  0  0  0  0  0  0  0  0  0  0  0  0  0  0  0  0  0 | au = 2/15/2020
  0  0  0  0  0  0  0  0  0  0  0  0  0  0  0  0  0  0  0  0  0  0  0  0  0  0  0  0  0  0  0  0  0  0  0  0  0  0  0  0  0  0  0  0  0  0  0 24  0  0  0  0  0  0  0  0  0  0  0  0  0  0  0  0  0  0  0  0  0  0  0  0  0  0  0  0  0  0  0  0  0  0  0  0  0  0  0  0  0  0  0  0 | av = 2/14/2020
  0  0  0  0  0  0  0  0  0  0  0  0  0  2  0  0  0  0  0  0  0  0  0  0  0  0  0  0  0  1  0  0  0  0  2  0  0  0  0  0  0  0  0  1  0  0  0  0 15  0  0  0  0  0  0  0  0  0  0  0  0  0  0  0  0  0  0  0  2  1  0  0  0  0  0  0  0  0  0  0  0  0  0  0  0  0  0  0  0  0  0  0 | aw = 2/13/2020
  0  0  0  0  0  0  0  0  0  0  0  0  0  0  0  0  0  0  0  0  0  0  0  0  0  0  0  0  0  0  0  0  0  0  0  0  0  0  0  1  0  0  0  2  1  0  1  0  2 11  3  0  0  0  0  0  0  0  0  0  0  0  0  0  0  0  0  0  0  3  0  0  0  0  0  0  0  0  0  0  0  0  0  0  0  0  0  0  0  0  0  0 | ax = 2/12/2020
  0  0  0  0  0  0  0  0  0  0  0  0  0  0  0  0  0  0  0  0  0  0  0  0  0  0  0  0  0  0  0  0  0  0  0  0  0  0  0  0  0  0  0  0  0  0  0  1  0  4 19  0  0  0  0  0  0  0  0  0  0  0  0  0  0  0  0  0  0  0  0  0  0  0  0  0  0  0  0  0  0  0  0  0  0  0  0  0  0  0  0  0 | ay = 2/11/2020
  0  0  0  0  0  0  0  0  0  0  0  0  0  0  0  0  0  0  0  0  0  0  0  0  0  0  0  0  0  0  0  0  0  0  0  0  0  0  0  0  0  0  0  0  0  0  0  0  0  0  0 16  7  1  0  0  0  0  0  0  0  0  0  0  0  0  0  0  0  0  0  0  0  0  0  0  0  0  0  0  0  0  0  0  0  0  0  0  0  0  0  0 | az = 2/10/2020
  0  0  0  0  0  0  0  0  0  0  0  0  0  0  0  0  0  0  0  0  0  0  0  0  0  0  0  0  0  0  0  0  0  0  0  0  0  0  0  0  0  0  0  0  0  0  0  0  0  0  0  3 19  2  0  0  0  0  0  0  0  0  0  0  0  0  0  0  0  0  0  0  0  0  0  0  0  0  0  0  0  0  0  0  0  0  0  0  0  0  0  0 | ba = 2/9/2020
  0  0  0  0  0  0  0  0  0  0  0  0  0  0  0  0  0  0  0  0  0  0  0  0  0  0  0  0  0  2 11  0  0  0  0  1  0  0  0  0  0  0  0  0  0  0  0  0  0  0  0  1  2  7  0  0  0  0  0  0  0  0  0  0  0  0  0  0  0  0  0  0  0  0  0  0  0  0  0  0  0  0  0  0  0  0  0  0  0  0  0  0 | bb = 2/8/2020
  0  0  0  0  0  0  0  0  0  0  0  0  0  0  0  0  0  0  0  0  0  0  0  0  0  0  0  0  0  9 13  0  0  0  0  1  0  0  0  0  0  0  0  0  0  0  0  0  0  0  0  0  0  0  0  0  0  0  0  0  0  0  1  0  0  0  0  0  0  0  0  0  0  0  0  0  0  0  0  0  0  0  0  0  0  0  0  0  0  0  0  0 | bc = 2/7/2020
  0  0  0  0  0  0  0  0  0  0  0  0  0  0  0  0  0  0  0  0  0  0  0  0  0  0  4  0  0  0  6  0  0  0  0  1  0  0  0  0  0  0  0  0  0  0  0  0  0  0  0  0  0  0  0  0  4  0  0  0  0  0  9  0  0  0  0  0  0  0  0  0  0  0  0  0  0  0  0  0  0  0  0  0  0  0  0  0  0  0  0  0 | bd = 2/6/2020
  0  0  0  0  0  0  0  0  0  0  0  0  0  0  0  0  0  0  0  0  0  0  0  0  0  0  0  0  0  0  0  0  0  0  0  0  0  0  0  0  0  0  0  0  0  0  0  0  0  0  0  0  0  0  0  4 17  1  0  0  0  0  0  1  1  0  0  0  0  0  0  0  0  0  0  0  0  0  0  0  0  0  0  0  0  0  0  0  0  0  0  0 | be = 2/5/2020
  0  0  0  0  0  0  0  0  0  0  0  0  0  0  0  0  0  0  0  0  0  0  0  0  0  0  0  0  0  4  2  0  0  0  0  8  0  0  1  0  4  0  0  0  0  0  0  0  0  0  0  0  0  0  0  0  0  5  0  0  0  0  0  0  0  0  0  0  0  0  0  0  0  0  0  0  0  0  0  0  0  0  0  0  0  0  0  0  0  0  0  0 | bf = 2/4/2020
  0  0  0  0  0  0  0  0  0  0  0  0  0  0  0  0  0  0  0  0  0  0  0  0  0  0  0  0  0  7  2  0  0  0  0  5  0  0  0  0  0  0  0  0  0  0  0  0  0  0  0  0  0  0  0  0  0  0  0  0  0  0  0  0  0  0  1  9  0  0  0  0  0  0  0  0  0  0  0  0  0  0  0  0  0  0  0  0  0  0  0  0 | bg = 2/3/2020
  0  0  0  0  0  0  0  0  0  0  0  0  0  0  0  0  0  0  0  0  0  0  0  0  0  0  0  0  0  5  0  0  0  0  0  6  0  0  0  0  0  0  0  0  0  0  0  0  0  0  0  0  0  0  0  0  0  0  0  0  0  0  0  0  0  0  2 11  0  0  0  0  0  0  0  0  0  0  0  0  0  0  0  0  0  0  0  0  0  0  0  0 | bh = 2/2/2020
  0  0  0  0  0  0  0  0  0  0  0  0  0  0  0  0  0  0  0  0  0  0  0  0  0  0  0  0  0  0  4  0  0  0  0  7  0  0  0  0  0  0  0  0  0  0  0  0  0  0  0  0  0  0  0  0  0  0  0  0  0  0  0  0  0  0  0 13  0  0  0  0  0  0  0  0  0  0  0  0  0  0  0  0  0  0  0  0  0  0  0  0 | bi = 2/1/2020
  0  0  0  0  0  0  0  0  0  0  0  0  0  0  1  0  0  0  0  0  0  0  0  0  0  0  0  0  0  0  5  0  0  0  0  0  0  0  0  0  0  0  0  0  0  0  0  0  0  0  0  0  0  0  0  0  4  0  0  0  0  7  3  0  0  0  1  1  1  0  1  0  0  0  0  0  0  0  0  0  0  0  0  0  0  0  0  0  0  0  0  0 | bj = 1/31/2020
  0  0  0  0  0  0  0  0  0  0  0  0  0  0  0  0  0  0  0  0  0  0  0  0  0  0  0  0  0  0  0  0  0  0  0  0  0  0  0  0  0  0  0  0  0  0  0  0  0  0  0  0  0  0  0  1  2  0  0  0  0  0 13  4  4  0  0  0  0  0  0  0  0  0  0  0  0  0  0  0  0  0  0  0  0  0  0  0  0  0  0  0 | bk = 1/30/2020
  0  0  0  0  0  0  0  0  0  0  0  0  0  0  0  0  0  0  0  0  0  0  0  0  0  0  0  0  0  0  0  0  0  0  0  0  0  0  0  0  0  0  0  0  0  0  0  0  0  0  0  0  0  0  0  0  2  1  0  0  0  0  1 19  1  0  0  0  0  0  0  0  0  0  0  0  0  0  0  0  0  0  0  0  0  0  0  0  0  0  0  0 | bl = 1/29/2020
  0  0  0  0  0  0  0  0  0  0  0  0  0  0  0  0  0  0  0  0  0  0  0  0  0  0  0  0  0  0  0  0  0  0  0  0  0  0  0  0  0  2  0  0  0  0  0  0  0  0  0  0  0  0  0  0  2  0  0  0  0  0  1  1 16  0  0  0  1  0  1  0  0  0  0  0  0  0  0  0  0  0  0  0  0  0  0  0  0  0  0  0 | bm = 1/28/2020
  0  0  0  0  0  0  0  0  0  0  0  0  0  0  0  0  0  0  0  0  0  0  0  0  0  0  0  0  0  0  1  0  0  0  0  1  0  0  0  0  0  0  1  3  2  0  0  0  0  0  0  0  0  0  0  0  0  0  0  0  0  0  0  2  2  8  1  2  0  1  0  0  0  0  0  0  0  0  0  0  0  0  0  0  0  0  0  0  0  0  0  0 | bn = 1/27/2020
  0  0  0  0  0  0  0  0  0  0  0  0  0  0  0  0  0  0  0  0  0  1  0  0  0  0  0  0  0  0  0  0  0  1  0  0  0  0  0  0  1  0  0  1  0  0  1  0  0  0  0  0  0  0  0  0  0  0  1  0  0  0  0  0  0  4 13  0  0  1  0  0  0  0  0  0  0  0  0  0  0  0  0  0  0  0  0  0  0  0  0  0 | bo = 1/26/2020
  0  0  0  0  0  0  0  0  0  0  0  0  0  0  0  0  0  0  0  0  0  0  0  0  0  0  0  0  0  0  0  0  0  0  0  0  0  0  0  0  0  0  0  1  0  0  0  0  0  1  1  0  1  0  0  0  0  0  0  0  0  0  0  0  2  3  0 11  0  2  2  0  0  0  0  0  0  0  0  0  0  0  0  0  0  0  0  0  0  0  0  0 | bp = 1/25/2020
  0  0  0  0  0  0  0  0  0  0  0  0  0  0  0  0  0  0  0  0  0  0  0  0  0  0  0  0  0  0  0  0  0  0  0  1  0  0  0  0  0  0  0  0  0  0  0  0  4  0  0  0  0  0  0  0  0  0  0  0  0  1  0  0  0  0  0  0 16  0  2  0  0  0  0  0  0  0  0  0  0  0  0  0  0  0  0  0  0  0  0  0 | bq = 1/24/2020
  0  0  0  0  0  0  0  0  0  0  0  0  0  0  0  0  0  0  0  0  0  0  0  1  0  0  0  0  0  0  0  0  0  0  0  0  0  0  0  0  1  0  0  0  3  0  0  0  0  3  0  0  0  0  0  0  0  1  0  0  0  0  0  0  1  2  0  2  0 10  0  0  0  0  0  0  0  0  0  0  0  0  0  0  0  0  0  0  0  0  0  0 | br = 1/23/2020
  0  0  0  0  0  0  0  0  0  0  0  0  0  1  1  0  0  0  0  0  0  0  0  0  0  0  0  0  0  2  1  0  0  0  0  5  0  0  0  1  0  0  0  0  0  0  0  0  1  0  0  0  0  0  0  0  0  0  0  0  0  1  0  0  1  0  0  1  3  0  6  0  0  0  0  0  0  0  0  0  0  0  0  0  0  0  0  0  0  0  0  0 | bs = 1/22/2020
  0  0  0  0  0  0  0  0  0  0  0  0  0  0  0  1  0  0  0  0  0  0  0  0  0  0  0  0  0  0  1  0  0  0  0  0  0  0  0  0  0  0  0  0  1  0  0  0  0  0  0  0  0  0  0  0  0  0  0  0  0  0  0  0  0  0  0  0  0  0  0 14  1  0  0  1  1  0  0  0  0  0  0  0  0  1  1  1  0  0  1  0 | bt = 1/21/2020
  0  0  0  0  0  0  0  0  0  0  0  0  0  0  0  0  0  0  0  0  0  0  0  0  0  0  0  0  0  0  0  0  0  0  0  0  0  0  0  0  0  0  0  0  0  0  0  0  0  0  0  0  0  0  0  0  0  0  0  0  0  0  0  0  0  0  0  0  0  0  0  2 13  2  1  2  0  0  0  0  0  0  2  0  0  1  0  1  0  0  0  0 | bu = 1/20/2020
  0  0  0  0  0  0  0  0  0  0  0  0  0  0  0  0  0  0  0  0  0  0  0  0  0  0  0  0  0  0  0  0  0  0  0  0  0  0  0  0  0  0  0  0  0  0  0  0  0  0  0  0  0  0  0  0  0  0  0  0  0  0  0  0  0  0  0  0  0  0  0  0  3 10  0  1  2  3  3  1  0  0  1  0  0  0  0  0  0  0  0  0 | bv = 1/19/2020
  0  0  0  0  0  0  0  0  0  0  0  0  0  0  0  0  0  0  0  0  0  0  0  0  0  0  0  0  0  0  0  0  0  0  0  0  0  0  0  0  0  0  0  0  0  0  0  0  0  0  0  0  0  0  0  0  0  0  0  0  0  0  0  0  0  0  0  0  0  0  0  0  1  2  7  6  0  1  0  0  0  2  1  1  1  1  0  0  0  1  0  0 | bw = 1/18/2020
  0  0  0  0  0  0  0  0  0  0  0  0  0  0  0  0  0  0  0  0  0  0  0  0  0  0  0  0  0  0  0  0  0  0  0  0  0  0  0  0  0  0  0  0  0  0  0  0  0  0  0  0  0  0  0  0  0  0  0  0  0  0  0  0  0  0  0  0  0  0  0  2  1  0  4  5  1  1  1  1  0  0  0  3  0  0  1  1  2  1  0  0 | bx = 1/17/2020
  0  0  0  0  0  0  0  0  0  0  0  0  0  0  0  0  0  0  0  0  0  0  0  0  0  0  0  0  0  0  0  0  0  0  0  0  0  0  0  0  0  0  0  0  0  0  0  0  0  0  0  0  0  0  0  0  0  0  0  0  0  0  0  0  0  0  0  0  0  0  0  2  0  1  1  2 11  0  2  0  1  0  0  0  0  0  4  0  0  0  0  0 | by = 1/16/2020
  0  0  0  0  0  0  0  0  0  0  0  0  0  0  0  0  0  0  0  0  0  0  0  0  0  0  0  0  0  0  0  0  0  0  0  0  0  0  0  0  0  0  0  0  0  0  0  0  0  0  0  0  0  0  0  0  0  0  0  0  0  0  0  0  0  0  0  0  0  0  0  0  0  3  0  0  0  6  4  0  3  7  0  1  0  0  0  0  0  0  0  0 | bz = 1/15/2020
  0  0  0  0  0  0  0  0  0  0  0  0  0  0  0  0  0  0  0  0  0  0  0  0  0  0  0  0  0  0  0  0  0  0  0  0  0  0  0  0  0  0  0  0  0  0  0  0  0  0  0  0  0  0  0  0  0  0  0  0  0  0  0  0  0  0  0  0  0  0  0  0  0  2  0  2  0  4  6  0  0  8  0  1  0  0  1  0  0  0  0  0 | ca = 1/14/2020
  0  0  0  0  0  0  0  0  0  0  0  0  0  0  0  0  0  0  0  0  0  0  0  0  0  0  0  0  0  0  0  0  0  0  0  0  0  0  0  0  0  0  0  0  0  0  0  0  0  0  0  0  0  0  0  0  0  0  0  0  0  0  0  0  0  0  0  0  0  0  0  0  1  1  1  0  0  0  2  8  0  1  2  1  1  0  2  1  3  0  0  0 | cb = 1/13/2020
  0  0  0  0  0  0  0  0  0  0  0  0  0  0  0  0  0  0  0  0  0  0  0  0  0  0  0  0  0  0  0  0  0  0  0  0  0  0  0  0  0  0  0  0  0  0  0  0  0  0  0  0  0  0  0  0  0  0  0  0  0  0  0  0  0  0  0  0  0  0  0  0  0  1  0  1  2  2  2  2  9  2  0  1  0  0  1  0  0  1  0  0 | cc = 1/12/2020
  0  0  0  0  0  0  0  0  0  0  0  0  0  0  0  0  0  0  0  0  0  0  0  0  0  0  0  0  0  0  0  0  0  0  0  0  0  0  0  0  0  0  0  0  0  0  0  0  0  0  0  0  0  0  0  0  0  0  0  0  0  0  0  0  0  0  0  0  0  0  0  0  0  1  1  1  0  4  6  0  2  1  2  1  0  0  1  1  1  1  0  1 | cd = 1/11/2020
  0  0  0  0  0  0  0  0  0  0  0  0  0  0  0  0  0  0  0  0  0  0  0  0  0  0  0  0  0  0  0  0  0  0  0  0  0  0  0  0  0  0  0  0  0  0  0  0  0  0  0  0  0  0  0  0  0  0  0  0  0  0  0  0  0  0  0  0  0  0  0  3  0  3  1  0  0  0  0  2  0  3  8  1  0  0  2  0  0  1  0  0 | ce = 1/10/2020
  0  0  0  0  0  0  0  0  0  0  0  0  0  0  0  0  0  0  0  0  0  0  0  0  0  0  0  0  0  0  0  0  0  0  0  0  0  0  0  0  0  0  0  0  0  0  0  0  0  0  0  0  0  0  0  0  0  0  0  0  0  0  0  0  0  0  0  0  0  0  0  0  0  0  2  3  0  1  0  0  0  1  0  4  4  0  0  0  1  7  0  1 | cf = 1/9/2020
  0  0  0  0  0  0  0  0  0  0  0  0  0  0  0  0  0  0  0  0  0  0  0  0  0  0  0  0  0  0  0  0  0  0  0  0  0  0  0  0  0  0  0  0  0  0  0  0  0  0  0  0  0  0  0  0  0  0  0  0  0  0  0  0  0  0  0  0  0  0  0  0  0  0  2  0  0  0  0  0  0  0  0  4 11  0  0  1  0  4  2  0 | cg = 1/8/2020
  0  0  0  0  0  0  0  0  0  0  0  0  0  0  0  0  0  0  0  0  0  0  0  0  0  0  0  0  0  0  0  0  0  0  0  0  0  0  0  0  0  0  0  0  0  0  0  0  0  0  0  0  0  0  0  0  0  0  0  0  0  0  0  0  0  0  0  0  0  0  0  1  1  0  1  0  0  0  0  0  0  0  0  0  0 21  0  0  0  0  0  0 | ch = 1/7/2020
  0  0  0  0  0  0  0  0  0  0  0  0  0  0  0  0  0  0  0  0  0  0  0  0  0  0  0  0  0  0  0  0  0  0  0  0  0  0  0  0  0  0  0  0  0  0  0  0  0  0  0  0  0  0  0  0  0  0  0  0  0  0  0  0  0  0  0  0  0  0  0  0  0  0  0  3  3  1  2  0  0  1  2  0  0  0 12  0  0  0  0  0 | ci = 1/6/2020
  0  0  0  0  0  0  0  0  0  0  0  0  0  0  0  0  0  0  0  0  0  0  0  0  0  0  0  0  0  0  0  0  0  0  0  0  0  0  0  0  0  0  0  0  0  0  0  0  0  0  0  0  0  0  0  0  0  0  0  0  0  0  0  0  0  0  0  0  0  0  0  1  2  0  1  1  0  0  0  2  1  2  0  1  1  0  0 10  2  0  0  0 | cj = 1/5/2020
  0  0  0  0  0  0  0  0  0  0  0  0  0  0  0  0  0  0  0  0  0  0  0  0  0  0  0  0  0  0  0  0  0  0  0  0  0  0  0  0  0  0  0  0  0  0  0  0  0  0  0  0  0  0  0  0  0  0  0  0  0  0  0  0  0  0  0  0  0  0  0  0  0  0  0  1  0  0  0  1  0  1  0  4  0  0  2  1 11  3  0  0 | ck = 1/4/2020
  0  0  0  0  0  0  0  0  0  0  0  0  0  0  0  0  0  0  0  0  0  0  0  0  0  0  0  0  0  0  0  0  0  0  0  0  0  0  0  0  0  0  0  0  0  0  0  0  0  0  0  0  0  0  0  0  0  0  0  0  0  0  0  0  0  0  0  0  0  0  0  0  0  0  0  2  0  0  0  1  1  0  0  8  3  0  0  0  0  7  2  0 | cl = 1/3/2020
  0  0  0  0  0  0  0  0  0  0  0  0  0  0  0  0  0  0  0  0  0  0  0  0  0  0  0  0  0  0  0  0  0  0  0  0  0  0  0  0  0  0  0  0  0  0  0  0  0  0  0  0  0  0  0  0  0  0  0  0  0  0  0  0  0  0  0  0  0  0  0  1  0  0  0  5  1  0  0  0  2  9  0  0  2  0  0  1  0  2  1  0 | cm = 1/2/2020
  0  0  0  0  0  0  0  0  0  0  0  0  0  0  0  0  0  0  0  0  0  0  0  0  0  0  0  0  0  0  0  0  0  0  0  0  0  0  0  0  0  0  0  0  0  0  0  0  0  0  0  0  0  0  0  0  0  0  0  0  0  0  0  0  0  0  0  0  0  0  0  0  0  0  0  4  3  0  0  0  5  7  0  3  0  0  0  0  0  0  0  0 | cn = 1/1/2020

