=== Run information ===

Scheme:       weka.classifiers.lazy.KStar -B 20 -M a
Relation:     KahramanmarasVeriset
Instances:    2184
Attributes:   8
              Tarih
              PM10
              PM10Debi
              SO2
              Havasicakligi
              Ruzgarhizi
              Bagilnem
              kabinsicakligi
Test mode:    10-fold cross-validation

=== Classifier model (full training set) ===

KStar Beta Verion (0.1b).
Copyright (c) 1995-97 by Len Trigg (trigg@cs.waikato.ac.nz).
Java port to Weka by Abdelaziz Mahoui (am14@cs.waikato.ac.nz).

KStar options : -B 20 -M a 

Time taken to build model: 0 seconds

=== Stratified cross-validation ===
=== Summary ===

Correctly Classified Instances         886               40.5678 %
Kappa statistic                          0.3991
Mean absolute error                      0.0145
Root mean squared error                  0.0918
Relative absolute error                 67.4439 %
Root relative squared error             88.5271 %
Total Number of Instances             2184     

=== Detailed Accuracy By Class ===

                 TP Rate  FP Rate  Precision  Recall   F-Measure  MCC      ROC Area  PRC Area  Class
                 1,000    0,001    0,500      1,000    0,667      0,707    0,999     0,417     4/1/2020
                 0,083    0,006    0,143      0,083    0,105      0,102    0,888     0,108     3/31/2020
                 0,458    0,007    0,407      0,458    0,431      0,425    0,946     0,454     3/30/2020
                 0,500    0,003    0,632      0,500    0,558      0,558    0,995     0,615     3/29/2020
                 0,250    0,007    0,273      0,250    0,261      0,253    0,963     0,194     3/28/2020
                 0,542    0,012    0,342      0,542    0,419      0,423    0,984     0,455     3/27/2020
                 0,417    0,006    0,417      0,417    0,417      0,410    0,987     0,436     3/26/2020
                 0,250    0,012    0,194      0,250    0,218      0,210    0,954     0,156     3/25/2020
                 0,250    0,011    0,200      0,250    0,222      0,214    0,948     0,177     3/24/2020
                 0,083    0,009    0,095      0,083    0,089      0,080    0,917     0,122     3/23/2020
                 0,250    0,009    0,240      0,250    0,245      0,236    0,864     0,204     3/22/2020
                 0,250    0,009    0,240      0,250    0,245      0,236    0,931     0,224     3/21/2020
                 0,458    0,011    0,314      0,458    0,373      0,371    0,963     0,355     3/20/2020
                 0,208    0,008    0,217      0,208    0,213      0,204    0,926     0,202     3/19/2020
                 0,625    0,013    0,357      0,625    0,455      0,465    0,990     0,561     3/18/2020
                 0,542    0,011    0,361      0,542    0,433      0,435    0,987     0,561     3/17/2020
                 0,375    0,009    0,321      0,375    0,346      0,339    0,972     0,417     3/16/2020
                 0,333    0,003    0,533      0,333    0,410      0,417    0,980     0,487     3/15/2020
                 0,667    0,004    0,640      0,667    0,653      0,649    0,994     0,714     3/14/2020
                 0,583    0,011    0,378      0,583    0,459      0,463    0,990     0,502     3/13/2020
                 0,292    0,009    0,269      0,292    0,280      0,272    0,962     0,249     3/12/2020
                 0,208    0,007    0,250      0,208    0,227      0,220    0,970     0,208     3/11/2020
                 0,750    0,003    0,720      0,750    0,735      0,732    0,996     0,795     3/10/2020
                 0,500    0,004    0,600      0,500    0,545      0,543    0,972     0,674     3/9/2020
                 0,542    0,004    0,591      0,542    0,565      0,561    0,986     0,539     3/8/2020
                 0,583    0,005    0,583      0,583    0,583      0,579    0,989     0,664     3/7/2020
                 0,583    0,004    0,636      0,583    0,609      0,605    0,986     0,511     3/6/2020
                 0,292    0,008    0,292      0,292    0,292      0,284    0,956     0,233     3/5/2020
                 0,042    0,009    0,050      0,042    0,045      0,036    0,878     0,079     3/4/2020
                 0,042    0,008    0,053      0,042    0,047      0,037    0,831     0,046     3/3/2020
                 0,208    0,011    0,179      0,208    0,192      0,183    0,673     0,067     3/2/2020
                 0,458    0,007    0,407      0,458    0,431      0,425    0,974     0,371     3/1/2020
                 0,458    0,009    0,355      0,458    0,400      0,396    0,976     0,377     2/29/2020
                 0,292    0,008    0,280      0,292    0,286      0,278    0,952     0,196     2/28/2020
                 0,167    0,013    0,125      0,167    0,143      0,133    0,880     0,132     2/27/2020
                 0,042    0,009    0,048      0,042    0,044      0,035    0,873     0,095     2/26/2020
                 0,375    0,008    0,333      0,375    0,353      0,346    0,966     0,411     2/25/2020
                 0,292    0,010    0,250      0,292    0,269      0,261    0,930     0,273     2/24/2020
                 0,375    0,010    0,300      0,375    0,333      0,327    0,961     0,339     2/23/2020
                 0,458    0,007    0,407      0,458    0,431      0,425    0,980     0,502     2/22/2020
                 0,625    0,002    0,789      0,625    0,698      0,700    0,998     0,747     2/21/2020
                 0,667    0,007    0,516      0,667    0,582      0,581    0,941     0,615     2/20/2020
                 0,542    0,012    0,342      0,542    0,419      0,423    0,982     0,444     2/19/2020
                 0,208    0,010    0,192      0,208    0,200      0,191    0,945     0,177     2/18/2020
                 0,250    0,010    0,222      0,250    0,235      0,227    0,902     0,192     2/17/2020
                 0,542    0,008    0,433      0,542    0,481      0,478    0,976     0,436     2/16/2020
                 0,417    0,006    0,435      0,417    0,426      0,419    0,985     0,452     2/15/2020
                 0,792    0,002    0,826      0,792    0,809      0,807    0,999     0,929     2/14/2020
                 0,625    0,007    0,500      0,625    0,556      0,554    0,991     0,690     2/13/2020
                 0,542    0,005    0,542      0,542    0,542      0,537    0,941     0,640     2/12/2020
                 0,542    0,003    0,684      0,542    0,605      0,605    0,997     0,775     2/11/2020
                 0,625    0,003    0,714      0,625    0,667      0,665    0,996     0,653     2/10/2020
                 0,792    0,004    0,704      0,792    0,745      0,743    0,997     0,825     2/9/2020
                 0,500    0,001    0,800      0,500    0,615      0,629    0,996     0,791     2/8/2020
                 0,500    0,001    0,857      0,500    0,632      0,652    0,968     0,623     2/7/2020
                 0,917    0,004    0,733      0,917    0,815      0,818    0,998     0,859     2/6/2020
                 0,750    0,002    0,783      0,750    0,766      0,764    0,996     0,814     2/5/2020
                 0,458    0,006    0,440      0,458    0,449      0,443    0,927     0,462     2/4/2020
                 0,458    0,006    0,478      0,458    0,468      0,462    0,871     0,541     2/3/2020
                 0,250    0,003    0,500      0,250    0,333      0,349    0,939     0,421     2/2/2020
                 0,333    0,003    0,571      0,333    0,421      0,432    0,954     0,467     2/1/2020
                 0,708    0,000    1,000      0,708    0,829      0,840    0,997     0,878     1/31/2020
                 0,375    0,002    0,643      0,375    0,474      0,487    0,989     0,634     1/30/2020
                 0,750    0,003    0,750      0,750    0,750      0,747    0,997     0,762     1/29/2020
                 0,458    0,004    0,550      0,458    0,500      0,497    0,980     0,491     1/28/2020
                 0,250    0,003    0,462      0,250    0,324      0,334    0,962     0,380     1/27/2020
                 0,250    0,002    0,600      0,250    0,353      0,383    0,929     0,367     1/26/2020
                 0,292    0,006    0,350      0,292    0,318      0,313    0,943     0,294     1/25/2020
                 0,333    0,002    0,615      0,333    0,432      0,449    0,991     0,642     1/24/2020
                 0,417    0,005    0,476      0,417    0,444      0,440    0,952     0,369     1/23/2020
                 0,167    0,006    0,222      0,167    0,190      0,185    0,926     0,187     1/22/2020
                 0,333    0,008    0,320      0,333    0,327      0,319    0,913     0,355     1/21/2020
                 0,667    0,006    0,533      0,667    0,593      0,591    0,992     0,742     1/20/2020
                 0,375    0,008    0,346      0,375    0,360      0,353    0,978     0,371     1/19/2020
                 0,208    0,007    0,250      0,208    0,227      0,220    0,930     0,231     1/18/2020
                 0,292    0,011    0,233      0,292    0,259      0,252    0,968     0,203     1/17/2020
                 0,458    0,005    0,524      0,458    0,489      0,485    0,990     0,581     1/16/2020
                 0,208    0,008    0,217      0,208    0,213      0,204    0,968     0,179     1/15/2020
                 0,250    0,006    0,316      0,250    0,279      0,274    0,952     0,178     1/14/2020
                 0,292    0,004    0,467      0,292    0,359      0,363    0,953     0,411     1/13/2020
                 0,208    0,007    0,250      0,208    0,227      0,220    0,965     0,314     1/12/2020
                 0,083    0,009    0,095      0,083    0,089      0,080    0,921     0,073     1/11/2020
                 0,500    0,007    0,429      0,500    0,462      0,456    0,985     0,477     1/10/2020
                 0,167    0,013    0,121      0,167    0,140      0,131    0,962     0,151     1/9/2020
                 0,583    0,007    0,483      0,583    0,528      0,525    0,985     0,548     1/8/2020
                 0,917    0,001    0,880      0,917    0,898      0,897    0,993     0,935     1/7/2020
                 0,458    0,007    0,423      0,458    0,440      0,434    0,981     0,511     1/6/2020
                 0,292    0,006    0,350      0,292    0,318      0,313    0,953     0,362     1/5/2020
                 0,375    0,009    0,310      0,375    0,340      0,333    0,983     0,425     1/4/2020
                 0,292    0,015    0,175      0,292    0,219      0,215    0,977     0,253     1/3/2020
                 0,125    0,004    0,273      0,125    0,171      0,179    0,955     0,264     1/2/2020
                 0,364    0,001    0,800      0,364    0,500      0,537    0,968     0,483     1/1/2020
Weighted Avg.    0,406    0,007    0,423      0,406    0,405      0,403    0,957     0,432     

=== Confusion Matrix ===

  a  b  c  d  e  f  g  h  i  j  k  l  m  n  o  p  q  r  s  t  u  v  w  x  y  z aa ab ac ad ae af ag ah ai aj ak al am an ao ap aq ar as at au av aw ax ay az ba bb bc bd be bf bg bh bi bj bk bl bm bn bo bp bq br bs bt bu bv bw bx by bz ca cb cc cd ce cf cg ch ci cj ck cl cm cn   <-- classified as
  2  0  0  0  0  0  0  0  0  0  0  0  0  0  0  0  0  0  0  0  0  0  0  0  0  0  0  0  0  0  0  0  0  0  0  0  0  0  0  0  0  0  0  0  0  0  0  0  0  0  0  0  0  0  0  0  0  0  0  0  0  0  0  0  0  0  0  0  0  0  0  0  0  0  0  0  0  0  0  0  0  0  0  0  0  0  0  0  0  0  0  0 |  a = 4/1/2020
  0  2  0  1  1  1  0  0  2  6  0  2  1  0  2  1  2  0  0  2  0  0  0  0  0  0  0  0  0  0  1  0  0  0  0  0  0  0  0  0  0  0  0  0  0  0  0  0  0  0  0  0  0  0  0  0  0  0  0  0  0  0  0  0  0  0  0  0  0  0  0  0  0  0  0  0  0  0  0  0  0  0  0  0  0  0  0  0  0  0  0  0 |  b = 3/31/2020
  1  0 11  0  0  0  0  0  2  0  0  1  1  1  0  0  1  1  0  0  0  0  0  0  1  1  1  0  0  0  0  1  0  1  0  0  0  0  0  0  0  0  0  0  0  0  0  0  0  0  0  0  0  0  0  0  0  0  0  0  0  0  0  0  0  0  0  0  0  0  0  0  0  0  0  0  0  0  0  0  0  0  0  0  0  0  0  0  0  0  0  0 |  c = 3/30/2020
  0  0  2 12  4  0  0  1  1  0  0  0  0  0  0  0  2  0  2  0  0  0  0  0  0  0  0  0  0  0  0  0  0  0  0  0  0  0  0  0  0  0  0  0  0  0  0  0  0  0  0  0  0  0  0  0  0  0  0  0  0  0  0  0  0  0  0  0  0  0  0  0  0  0  0  0  0  0  0  0  0  0  0  0  0  0  0  0  0  0  0  0 |  d = 3/29/2020
  0  0  0  4  6  2  1  2  1  1  0  0  0  0  0  0  2  0  3  0  0  0  1  0  0  0  0  0  0  0  1  0  0  0  0  0  0  0  0  0  0  0  0  0  0  0  0  0  0  0  0  0  0  0  0  0  0  0  0  0  0  0  0  0  0  0  0  0  0  0  0  0  0  0  0  0  0  0  0  0  0  0  0  0  0  0  0  0  0  0  0  0 |  e = 3/28/2020
  0  0  0  0  1 13  1  3  2  0  0  1  0  0  0  0  1  0  1  1  0  0  0  0  0  0  0  0  0  0  0  0  0  0  0  0  0  0  0  0  0  0  0  0  0  0  0  0  0  0  0  0  0  0  0  0  0  0  0  0  0  0  0  0  0  0  0  0  0  0  0  0  0  0  0  0  0  0  0  0  0  0  0  0  0  0  0  0  0  0  0  0 |  f = 3/27/2020
  0  0  0  0  1  2 10  2  0  2  0  0  0  0  0  0  0  6  0  0  0  1  0  0  0  0  0  0  0  0  0  0  0  0  0  0  0  0  0  0  0  0  0  0  0  0  0  0  0  0  0  0  0  0  0  0  0  0  0  0  0  0  0  0  0  0  0  0  0  0  0  0  0  0  0  0  0  0  0  0  0  0  0  0  0  0  0  0  0  0  0  0 |  g = 3/26/2020
  0  0  0  0  2  2  0  6  4  0  1  0  3  0  0  0  3  0  0  2  1  0  0  0  0  0  0  0  0  0  0  0  0  0  0  0  0  0  0  0  0  0  0  0  0  0  0  0  0  0  0  0  0  0  0  0  0  0  0  0  0  0  0  0  0  0  0  0  0  0  0  0  0  0  0  0  0  0  0  0  0  0  0  0  0  0  0  0  0  0  0  0 |  h = 3/25/2020
  0  0  1  0  1  3  0  5  6  0  0  2  0  0  0  1  1  0  0  1  2  0  0  0  0  0  0  0  0  0  1  0  0  0  0  0  0  0  0  0  0  0  0  0  0  0  0  0  0  0  0  0  0  0  0  0  0  0  0  0  0  0  0  0  0  0  0  0  0  0  0  0  0  0  0  0  0  0  0  0  0  0  0  0  0  0  0  0  0  0  0  0 |  i = 3/24/2020
  0  5  0  0  1  2  0  1  0  2  2  0  2  0  0  0  1  0  0  0  0  1  0  0  2  0  0  1  3  0  1  0  0  0  0  0  0  0  0  0  0  0  0  0  0  0  0  0  0  0  0  0  0  0  0  0  0  0  0  0  0  0  0  0  0  0  0  0  0  0  0  0  0  0  0  0  0  0  0  0  0  0  0  0  0  0  0  0  0  0  0  0 |  j = 3/23/2020
  0  0  0  0  0  0  0  1  0  3  6  0  1  0  0  0  1  0  0  2  1  1  0  1  0  2  0  0  2  1  1  0  0  1  0  0  0  0  0  0  0  0  0  0  0  0  0  0  0  0  0  0  0  0  0  0  0  0  0  0  0  0  0  0  0  0  0  0  0  0  0  0  0  0  0  0  0  0  0  0  0  0  0  0  0  0  0  0  0  0  0  0 |  k = 3/22/2020
  0  1  1  0  0  3  0  0  3  1  1  6  0  1  0  0  2  0  0  1  0  0  0  0  0  0  0  0  2  0  0  0  0  0  1  0  0  0  0  0  0  0  0  0  0  0  0  0  0  0  0  0  0  0  0  0  0  0  0  0  0  0  0  0  0  0  0  0  0  0  0  1  0  0  0  0  0  0  0  0  0  0  0  0  0  0  0  0  0  0  0  0 |  l = 3/21/2020
  1  0  2  0  0  0  0  2  0  0  0  0 11  2  2  2  0  0  0  0  0  1  0  0  0  0  0  0  0  0  0  1  0  0  0  0  0  0  0  0  0  0  0  0  0  0  0  0  0  0  0  0  0  0  0  0  0  0  0  0  0  0  0  0  0  0  0  0  0  0  0  0  0  0  0  0  0  0  0  0  0  0  0  0  0  0  0  0  0  0  0  0 |  m = 3/20/2020
  0  0  1  0  0  0  0  0  0  0  1  1  3  5  3  3  0  0  0  0  0  0  0  0  0  0  0  0  0  0  0  1  0  0  1  0  1  0  0  0  0  0  0  0  0  0  0  0  1  0  0  0  0  0  0  0  0  0  0  0  0  0  0  0  0  0  0  0  0  0  2  1  0  0  0  0  0  0  0  0  0  0  0  0  0  0  0  0  0  0  0  0 |  n = 3/19/2020
  0  1  0  0  0  0  0  0  0  0  0  0  1  1 15  3  0  0  0  0  0  0  0  0  0  0  0  0  0  0  0  0  0  0  0  0  0  1  1  1  0  0  0  0  0  0  0  0  0  0  0  0  0  0  0  0  0  0  0  0  0  0  0  0  0  0  0  0  0  0  0  0  0  0  0  0  0  0  0  0  0  0  0  0  0  0  0  0  0  0  0  0 |  o = 3/18/2020
  0  0  0  0  0  0  0  0  0  0  0  0  4  2  2 13  0  0  0  0  0  0  0  0  0  0  0  0  0  0  1  0  0  0  0  0  0  0  0  0  0  0  0  0  0  0  0  0  0  0  0  0  0  0  0  0  0  0  0  0  0  0  0  0  0  0  0  0  0  0  0  2  0  0  0  0  0  0  0  0  0  0  0  0  0  0  0  0  0  0  0  0 |  p = 3/17/2020
  0  1  1  0  2  2  1  2  1  0  1  0  0  0  0  0  9  0  1  3  0  0  0  0  0  0  0  0  0  0  0  0  0  0  0  0  0  0  0  0  0  0  0  0  0  0  0  0  0  0  0  0  0  0  0  0  0  0  0  0  0  0  0  0  0  0  0  0  0  0  0  0  0  0  0  0  0  0  0  0  0  0  0  0  0  0  0  0  0  0  0  0 |  q = 3/16/2020
  0  0  0  0  0  2 10  0  1  0  0  0  0  0  0  0  0  8  2  0  0  0  0  0  0  0  0  0  1  0  0  0  0  0  0  0  0  0  0  0  0  0  0  0  0  0  0  0  0  0  0  0  0  0  0  0  0  0  0  0  0  0  0  0  0  0  0  0  0  0  0  0  0  0  0  0  0  0  0  0  0  0  0  0  0  0  0  0  0  0  0  0 |  r = 3/15/2020
  0  0  0  1  1  2  0  1  0  0  0  0  0  0  0  0  2  0 16  0  1  0  0  0  0  0  0  0  0  0  0  0  0  0  0  0  0  0  0  0  0  0  0  0  0  0  0  0  0  0  0  0  0  0  0  0  0  0  0  0  0  0  0  0  0  0  0  0  0  0  0  0  0  0  0  0  0  0  0  0  0  0  0  0  0  0  0  0  0  0  0  0 |  s = 3/14/2020
  0  1  1  0  0  1  0  2  2  0  0  0  0  0  0  0  1  0  0 14  2  0  0  0  0  0  0  0  0  0  0  0  0  0  0  0  0  0  0  0  0  0  0  0  0  0  0  0  0  0  0  0  0  0  0  0  0  0  0  0  0  0  0  0  0  0  0  0  0  0  0  0  0  0  0  0  0  0  0  0  0  0  0  0  0  0  0  0  0  0  0  0 |  t = 3/13/2020
  0  0  0  0  0  3  0  2  0  0  1  0  0  0  0  0  0  0  0  4  7  3  1  1  0  0  0  1  1  0  0  0  0  0  0  0  0  0  0  0  0  0  0  0  0  0  0  0  0  0  0  0  0  0  0  0  0  0  0  0  0  0  0  0  0  0  0  0  0  0  0  0  0  0  0  0  0  0  0  0  0  0  0  0  0  0  0  0  0  0  0  0 |  u = 3/12/2020
  0  0  1  0  0  0  1  0  1  1  0  0  0  0  0  0  0  0  0  1  7  5  2  1  0  0  0  1  1  0  0  0  0  0  0  0  0  2  0  0  0  0  0  0  0  0  0  0  0  0  0  0  0  0  0  0  0  0  0  0  0  0  0  0  0  0  0  0  0  0  0  0  0  0  0  0  0  0  0  0  0  0  0  0  0  0  0  0  0  0  0  0 |  v = 3/11/2020
  0  0  0  0  0  0  0  0  0  0  0  0  0  0  0  0  0  0  0  1  2  2 18  0  0  0  0  0  1  0  0  0  0  0  0  0  0  0  0  0  0  0  0  0  0  0  0  0  0  0  0  0  0  0  0  0  0  0  0  0  0  0  0  0  0  0  0  0  0  0  0  0  0  0  0  0  0  0  0  0  0  0  0  0  0  0  0  0  0  0  0  0 |  w = 3/10/2020
  0  0  0  0  0  0  0  0  0  0  4  0  1  0  0  0  0  0  0  0  1  0  1 12  1  0  1  1  0  0  0  1  0  0  0  0  0  0  0  0  0  0  0  0  0  0  0  0  0  0  0  0  0  0  0  0  0  0  0  0  0  0  0  0  0  0  0  0  0  1  0  0  0  0  0  0  0  0  0  0  0  0  0  0  0  0  0  0  0  0  0  0 |  x = 3/9/2020
  0  0  1  0  0  0  0  0  0  1  0  1  0  0  0  0  0  0  0  1  0  0  0  1 13  1  0  1  0  2  0  1  0  0  0  1  0  0  0  0  0  0  0  0  0  0  0  0  0  0  0  0  0  0  0  0  0  0  0  0  0  0  0  0  0  0  0  0  0  0  0  0  0  0  0  0  0  0  0  0  0  0  0  0  0  0  0  0  0  0  0  0 |  y = 3/8/2020
  0  0  0  0  0  0  0  0  0  0  0  0  0  0  0  0  0  0  0  0  0  0  0  0  1 14  1  0  0  0  0  2  2  0  1  0  1  0  1  1  0  0  0  0  0  0  0  0  0  0  0  0  0  0  0  0  0  0  0  0  0  0  0  0  0  0  0  0  0  0  0  0  0  0  0  0  0  0  0  0  0  0  0  0  0  0  0  0  0  0  0  0 |  z = 3/7/2020
  0  0  2  0  0  0  0  0  0  0  0  0  0  0  0  0  0  0  0  0  0  0  0  1  0  0 14  3  0  0  0  0  1  1  1  0  0  0  1  0  0  0  0  0  0  0  0  0  0  0  0  0  0  0  0  0  0  0  0  0  0  0  0  0  0  0  0  0  0  0  0  0  0  0  0  0  0  0  0  0  0  0  0  0  0  0  0  0  0  0  0  0 | aa = 3/6/2020
  0  0  0  0  0  0  0  0  0  0  0  0  0  0  1  0  0  0  0  0  1  0  1  0  1  0  2  7  0  0  0  0  0  2  4  0  1  2  1  0  0  0  1  0  0  0  0  0  0  0  0  0  0  0  0  0  0  0  0  0  0  0  0  0  0  0  0  0  0  0  0  0  0  0  0  0  0  0  0  0  0  0  0  0  0  0  0  0  0  0  0  0 | ab = 3/5/2020
  0  1  0  0  1  0  0  0  0  1  5  2  0  0  0  0  0  0  0  0  0  1  1  1  0  0  0  1  1  5  1  0  0  1  0  0  0  0  1  0  0  0  1  0  0  0  0  0  0  0  0  0  0  0  0  0  0  0  0  0  0  0  0  0  0  0  0  0  0  0  0  0  0  0  0  0  0  0  0  0  0  0  0  0  0  0  0  0  0  0  0  0 | ac = 3/4/2020
  0  0  0  0  0  0  0  1  1  1  1  2  1  2  0  0  0  0  0  1  0  0  0  0  0  0  0  0  2  1  0  0  0  0  0  3  1  1  0  1  0  3  1  0  0  0  0  0  1  0  0  0  0  0  0  0  0  0  0  0  0  0  0  0  0  0  0  0  0  0  0  0  0  0  0  0  0  0  0  0  0  0  0  0  0  0  0  0  0  0  0  0 | ad = 3/3/2020
  0  0  0  0  0  0  0  0  1  0  1  0  1  1  1  1  0  0  0  1  1  0  0  0  0  0  0  0  1  1  5  0  1  0  1  3  0  0  1  0  0  0  0  0  0  1  0  0  1  0  0  0  0  0  0  0  0  1  0  0  0  0  0  0  0  0  0  0  0  0  0  0  0  0  0  0  0  0  0  0  0  0  0  0  0  0  0  0  0  0  0  0 | ae = 3/2/2020
  0  0  1  0  0  0  0  0  0  0  0  0  1  1  0  0  0  0  0  0  0  0  0  0  1  1  0  0  0  0  0 11  1  1  0  0  3  2  0  1  0  0  0  0  0  0  0  0  0  0  0  0  0  0  0  0  0  0  0  0  0  0  0  0  0  0  0  0  0  0  0  0  0  0  0  0  0  0  0  0  0  0  0  0  0  0  0  0  0  0  0  0 | af = 3/1/2020
  0  0  0  0  0  0  0  0  0  0  0  0  0  0  0  0  0  0  0  0  0  0  0  0  0  2  1  0  0  0  0  1 11  0  0  0  5  1  0  3  0  0  0  0  0  0  0  0  0  0  0  0  0  0  0  0  0  0  0  0  0  0  0  0  0  0  0  0  0  0  0  0  0  0  0  0  0  0  0  0  0  0  0  0  0  0  0  0  0  0  0  0 | ag = 2/29/2020
  0  1  0  0  0  0  0  0  0  0  0  0  0  0  0  0  0  0  0  0  0  0  0  0  0  0  1  0  0  1  0  0  1  7  3  1  2  3  3  0  0  0  0  0  0  0  0  0  0  0  0  0  0  0  0  0  0  0  1  0  0  0  0  0  0  0  0  0  0  0  0  0  0  0  0  0  0  0  0  0  0  0  0  0  0  0  0  0  0  0  0  0 | ah = 2/28/2020
  0  0  0  0  0  0  0  0  0  0  1  0  0  0  0  0  0  0  0  0  0  0  0  0  0  0  0  3  1  0  2  0  0  3  4  2  1  2  0  0  0  1  0  0  0  1  0  0  2  0  0  0  0  0  0  0  0  1  0  0  0  0  0  0  0  0  0  0  0  0  0  0  0  0  0  0  0  0  0  0  0  0  0  0  0  0  0  0  0  0  0  0 | ai = 2/27/2020
  0  0  1  0  0  0  0  0  0  0  0  2  1  0  0  0  0  0  0  1  0  2  0  0  1  0  0  0  1  0  4  0  0  1  3  1  0  0  0  0  0  0  0  0  1  0  0  0  2  0  0  0  0  0  0  0  0  0  0  0  0  0  0  0  0  0  0  0  0  0  3  0  0  0  0  0  0  0  0  0  0  0  0  0  0  0  0  0  0  0  0  0 | aj = 2/26/2020
  0  0  0  0  0  0  0  0  0  0  0  0  0  2  0  1  0  0  0  0  0  0  0  0  0  2  0  1  0  1  0  1  1  2  0  0  9  0  0  2  1  0  0  1  0  0  0  0  0  0  0  0  0  0  0  0  0  0  0  0  0  0  0  0  0  0  0  0  0  0  0  0  0  0  0  0  0  0  0  0  0  0  0  0  0  0  0  0  0  0  0  0 | ak = 2/25/2020
  0  0  0  0  0  0  0  0  0  0  0  0  0  0  1  1  0  0  0  1  0  2  0  0  0  0  0  1  0  0  0  1  2  2  1  0  0  7  4  0  0  0  0  0  0  1  0  0  0  0  0  0  0  0  0  0  0  0  0  0  0  0  0  0  0  0  0  0  0  0  0  0  0  0  0  0  0  0  0  0  0  0  0  0  0  0  0  0  0  0  0  0 | al = 2/24/2020
  0  0  0  0  0  0  0  0  1  1  0  0  0  0  1  0  0  0  0  0  0  0  0  0  0  1  0  0  1  1  0  0  1  1  0  0  0  2  9  2  0  1  2  0  0  0  0  0  0  0  0  0  0  0  0  0  0  0  0  0  0  0  0  0  0  0  0  0  0  0  0  0  0  0  0  0  0  0  0  0  0  0  0  0  0  0  0  0  0  0  0  0 | am = 2/23/2020
  0  0  0  0  0  0  0  0  0  0  0  0  0  0  2  0  0  0  0  0  0  0  0  0  0  0  0  0  0  0  0  3  6  0  0  0  0  0  1 11  1  0  0  0  0  0  0  0  0  0  0  0  0  0  0  0  0  0  0  0  0  0  0  0  0  0  0  0  0  0  0  0  0  0  0  0  0  0  0  0  0  0  0  0  0  0  0  0  0  0  0  0 | an = 2/22/2020
  0  0  0  0  0  0  0  0  0  0  0  0  0  0  0  0  0  0  0  0  0  0  0  0  0  0  0  0  0  0  0  0  0  0  0  0  2  0  1  2 15  3  1  0  0  0  0  0  0  0  0  0  0  0  0  0  0  0  0  0  0  0  0  0  0  0  0  0  0  0  0  0  0  0  0  0  0  0  0  0  0  0  0  0  0  0  0  0  0  0  0  0 | ao = 2/21/2020
  0  0  0  0  0  0  0  0  0  0  0  0  0  0  0  0  0  0  0  0  0  0  0  0  0  0  0  0  0  0  0  0  0  0  0  0  0  0  1  0  1 16  1  1  1  1  1  0  0  0  0  0  0  0  0  0  0  1  0  0  0  0  0  0  0  0  0  0  0  0  0  0  0  0  0  0  0  0  0  0  0  0  0  0  0  0  0  0  0  0  0  0 | ap = 2/20/2020
  0  0  0  0  0  0  0  0  0  0  0  1  0  0  0  0  0  0  0  0  0  0  0  0  0  0  0  0  0  0  0  0  0  0  0  1  0  1  3  0  0  0 13  1  2  0  1  1  0  0  0  0  0  0  0  0  0  0  0  0  0  0  0  0  0  0  0  0  0  0  0  0  0  0  0  0  0  0  0  0  0  0  0  0  0  0  0  0  0  0  0  0 | aq = 2/19/2020
  0  0  0  0  0  0  0  0  0  0  0  0  0  0  0  0  0  0  0  0  0  0  0  0  0  0  0  0  0  0  1  0  0  1  1  0  1  0  0  0  0  1  2  5  3  6  1  0  0  0  0  0  0  0  0  0  0  0  0  0  1  0  0  0  0  0  1  0  0  0  0  0  0  0  0  0  0  0  0  0  0  0  0  0  0  0  0  0  0  0  0  0 | ar = 2/18/2020
  0  0  0  0  0  0  0  0  0  0  0  0  0  0  0  0  0  0  0  0  0  0  0  0  0  0  0  2  0  2  0  0  1  0  1  2  0  0  0  2  0  0  2  3  6  0  1  0  0  0  0  0  0  0  0  0  0  0  0  0  0  0  0  0  0  0  0  0  0  1  1  0  0  0  0  0  0  0  0  0  0  0  0  0  0  0  0  0  0  0  0  0 | as = 2/17/2020
  0  0  0  0  0  0  0  0  0  0  0  0  0  0  0  0  0  0  0  0  0  0  0  0  0  0  0  0  0  0  1  0  0  0  0  0  0  0  0  0  0  2  1  3  2 13  2  0  0  0  0  0  0  0  0  0  0  0  0  0  0  0  0  0  0  0  0  0  0  0  0  0  0  0  0  0  0  0  0  0  0  0  0  0  0  0  0  0  0  0  0  0 | at = 2/16/2020
  0  0  0  0  0  0  0  0  0  0  0  1  0  0  0  0  0  0  0  0  0  0  0  0  0  0  0  0  0  0  0  0  0  0  0  0  0  0  0  0  0  1  1  1  2  1 10  3  1  0  0  0  0  0  0  0  0  0  0  0  0  0  0  0  0  1  2  0  0  0  0  0  0  0  0  0  0  0  0  0  0  0  0  0  0  0  0  0  0  0  0  0 | au = 2/15/2020
  0  0  0  0  0  0  0  0  0  0  0  0  0  0  0  0  0  0  0  0  0  0  0  0  0  0  0  0  0  0  0  0  0  0  0  0  0  0  0  0  0  0  2  0  0  0  3 19  0  0  0  0  0  0  0  0  0  0  0  0  0  0  0  0  0  0  0  0  0  0  0  0  0  0  0  0  0  0  0  0  0  0  0  0  0  0  0  0  0  0  0  0 | av = 2/14/2020
  0  0  0  0  0  0  0  0  0  0  0  0  0  0  0  0  0  0  0  0  0  0  0  0  0  0  0  0  0  0  2  0  0  0  2  1  0  0  0  0  0  0  1  0  1  0  0  0 15  1  0  0  0  0  0  0  0  0  0  0  0  0  0  0  0  0  0  0  0  1  0  0  0  0  0  0  0  0  0  0  0  0  0  0  0  0  0  0  0  0  0  0 | aw = 2/13/2020
  0  0  0  0  0  0  0  0  0  0  0  0  0  0  0  0  0  0  0  0  0  0  0  0  0  0  0  0  0  0  0  0  0  0  0  0  0  0  0  0  0  0  0  1  1  0  1  0  2 13  3  0  0  0  0  0  0  2  0  0  0  0  0  0  0  0  0  0  0  0  0  1  0  0  0  0  0  0  0  0  0  0  0  0  0  0  0  0  0  0  0  0 | ax = 2/12/2020
  0  0  0  0  0  0  0  0  0  0  0  0  0  0  0  0  0  0  0  0  0  0  0  0  0  0  0  0  0  0  0  0  0  0  0  0  0  0  0  0  0  0  0  0  0  0  1  0  0  6 13  2  0  0  0  0  0  0  0  2  0  0  0  0  0  0  0  0  0  0  0  0  0  0  0  0  0  0  0  0  0  0  0  0  0  0  0  0  0  0  0  0 | ay = 2/11/2020
  0  0  0  0  0  0  0  0  0  0  0  0  0  0  0  0  0  0  0  0  0  0  0  0  0  0  0  0  0  0  0  0  0  0  0  0  0  0  0  0  0  0  0  0  0  0  0  0  0  2  0 15  4  0  0  0  0  0  0  0  0  0  0  0  0  0  0  2  1  0  0  0  0  0  0  0  0  0  0  0  0  0  0  0  0  0  0  0  0  0  0  0 | az = 2/10/2020
  0  0  0  0  0  0  0  0  0  0  0  0  0  0  0  0  0  0  0  0  0  0  0  0  0  0  0  0  0  0  0  0  0  0  0  0  0  0  0  0  0  0  0  0  0  0  0  0  0  0  1  2 19  1  0  0  0  0  0  0  0  0  0  0  0  0  0  0  0  1  0  0  0  0  0  0  0  0  0  0  0  0  0  0  0  0  0  0  0  0  0  0 | ba = 2/9/2020
  0  0  0  0  0  0  0  0  0  0  0  0  0  0  2  4  0  0  0  0  0  0  0  0  0  0  0  0  0  0  0  1  0  0  0  0  0  0  0  0  0  0  0  0  0  0  0  0  0  0  0  0  3 12  0  0  0  0  0  0  0  0  0  0  0  0  0  1  1  0  0  0  0  0  0  0  0  0  0  0  0  0  0  0  0  0  0  0  0  0  0  0 | bb = 2/8/2020
  0  0  0  1  1  0  0  0  0  0  0  2  2  0  0  1  0  0  0  0  0  0  0  0  0  0  0  0  0  0  0  1  0  0  0  0  0  0  0  0  0  0  0  0  0  0  0  0  0  0  0  0  0  0 12  3  1  0  0  0  0  0  0  0  0  0  0  0  0  0  0  0  0  0  0  0  0  0  0  0  0  0  0  0  0  0  0  0  0  0  0  0 | bc = 2/7/2020
  0  0  0  0  0  0  0  0  0  0  0  0  0  0  0  0  0  0  0  0  0  0  0  0  0  0  0  0  0  0  0  0  0  0  0  0  0  0  0  0  0  0  0  0  0  0  0  0  0  0  0  0  0  0  1 22  1  0  0  0  0  0  0  0  0  0  0  0  0  0  0  0  0  0  0  0  0  0  0  0  0  0  0  0  0  0  0  0  0  0  0  0 | bd = 2/6/2020
  0  0  0  0  0  0  0  0  0  0  0  0  0  0  0  0  0  0  0  0  0  0  0  0  0  0  0  0  0  0  0  0  0  0  0  0  0  0  0  0  0  0  0  0  0  0  0  0  0  0  0  0  0  0  0  1 18  1  0  0  0  0  1  0  3  0  0  0  0  0  0  0  0  0  0  0  0  0  0  0  0  0  0  0  0  0  0  0  0  0  0  0 | be = 2/5/2020
  0  0  1  0  0  0  0  0  0  0  0  0  0  0  0  0  0  0  0  0  0  0  0  0  0  0  0  1  0  0  0  1  1  0  0  0  0  2  0  0  0  0  1  0  0  0  0  0  0  0  0  0  0  0  0  0  0 11  2  0  2  0  0  1  0  0  0  0  0  1  0  0  0  0  0  0  0  0  0  0  0  0  0  0  0  0  0  0  0  0  0  0 | bf = 2/4/2020
  0  0  0  0  0  0  0  0  0  0  0  1  0  1  0  0  0  0  0  0  0  0  0  0  0  0  0  0  1  1  0  0  1  1  1  0  0  0  0  0  1  0  0  1  0  0  1  0  0  0  0  0  0  0  0  0  0  0 11  2  0  0  0  0  0  0  0  1  0  0  0  0  0  0  0  0  0  0  0  0  0  0  0  0  0  0  0  0  0  0  0  0 | bg = 2/3/2020
  0  0  0  0  0  0  0  0  0  0  0  0  0  0  0  0  0  0  0  0  0  0  0  0  0  0  0  0  0  0  0  0  0  0  1  0  0  0  1  0  0  0  2  2  1  2  0  0  0  0  2  0  0  0  0  0  0  1  3  6  1  0  0  0  0  0  0  1  0  0  0  0  0  0  0  0  0  1  0  0  0  0  0  0  0  0  0  0  0  0  0  0 | bh = 2/2/2020
  0  0  0  0  0  0  0  0  0  0  0  0  0  0  0  0  0  0  0  0  0  0  0  0  0  0  0  0  0  1  2  0  0  0  0  0  0  0  0  0  0  0  0  1  0  1  0  0  1  0  0  1  0  1  0  0  0  2  1  1  8  0  0  0  0  1  0  1  1  0  0  1  0  0  0  0  0  0  0  0  0  0  0  0  0  0  0  0  0  0  0  0 | bi = 2/1/2020
  0  0  0  0  0  0  0  0  0  0  0  0  1  0  3  1  0  0  0  0  0  0  0  0  0  0  0  0  0  0  1  0  0  0  0  0  0  0  0  0  0  0  0  0  0  0  0  0  0  0  0  0  0  0  0  0  0  0  0  0  0 17  0  0  0  0  0  0  0  0  1  0  0  0  0  0  0  0  0  0  0  0  0  0  0  0  0  0  0  0  0  0 | bj = 1/31/2020
  0  0  0  0  0  0  0  0  0  0  0  0  0  0  0  0  0  0  0  0  0  0  0  0  0  0  0  0  0  0  0  0  0  0  1  1  0  0  0  0  0  0  0  0  0  0  0  0  0  0  0  0  0  0  1  4  1  0  0  0  0  0  9  2  3  0  0  0  0  0  2  0  0  0  0  0  0  0  0  0  0  0  0  0  0  0  0  0  0  0  0  0 | bk = 1/30/2020
  0  0  0  0  0  0  0  0  0  0  0  0  0  0  0  0  0  0  0  0  0  0  0  0  0  0  0  0  0  0  0  0  0  0  0  0  0  2  0  0  0  0  0  0  0  0  0  0  0  0  0  0  0  0  0  0  1  1  0  0  0  0  1 18  1  0  0  0  0  0  0  0  0  0  0  0  0  0  0  0  0  0  0  0  0  0  0  0  0  0  0  0 | bl = 1/29/2020
  0  0  0  0  0  0  0  0  1  0  0  0  0  0  0  0  0  0  0  0  0  0  0  0  0  0  0  0  0  0  0  0  0  0  1  0  0  0  0  0  0  2  2  1  2  1  0  0  0  0  0  0  0  0  0  0  1  0  0  0  0  0  0  1 11  0  0  1  0  0  0  0  0  0  0  0  0  0  0  0  0  0  0  0  0  0  0  0  0  0  0  0 | bm = 1/28/2020
  0  0  0  0  0  0  0  0  0  0  0  0  0  0  0  0  0  0  0  0  0  0  0  1  1  0  0  0  1  0  0  0  1  0  0  0  0  0  0  0  0  0  1  1  0  0  0  0  1  0  0  0  0  0  0  0  0  0  1  1  0  0  0  0  1  6  0  5  1  2  0  0  0  0  0  0  0  0  0  0  0  0  0  0  0  0  0  0  0  0  0  0 | bn = 1/27/2020
  0  1  0  0  0  0  0  0  0  0  0  0  0  0  0  0  0  0  0  0  0  1  0  0  0  0  1  0  0  1  0  0  0  0  0  0  0  0  1  0  0  1  0  2  1  2  1  0  0  0  0  0  0  0  0  0  0  0  1  0  0  0  1  1  0  2  6  0  0  1  0  0  0  0  0  0  0  0  0  0  0  0  0  0  0  0  0  0  0  0  0  0 | bo = 1/26/2020
  0  0  0  0  0  0  0  0  0  0  0  0  0  1  0  0  0  0  0  0  0  0  0  0  0  0  0  0  0  0  1  0  0  0  0  0  0  0  0  0  0  0  1  2  0  0  0  0  0  1  0  1  1  0  0  0  0  1  1  0  1  0  0  0  1  2  0  7  0  2  0  1  0  0  0  0  0  0  0  0  0  0  0  0  0  0  0  0  0  0  0  0 | bp = 1/25/2020
  0  0  0  0  0  0  0  0  0  0  0  0  0  0  5  0  0  0  0  0  0  0  0  0  0  0  0  0  0  0  1  0  0  0  1  1  0  0  0  0  0  0  1  0  0  0  0  0  2  0  0  0  0  0  0  0  0  0  0  0  0  0  1  0  0  0  0  0  8  0  4  0  0  0  0  0  0  0  0  0  0  0  0  0  0  0  0  0  0  0  0  0 | bq = 1/24/2020
  0  0  0  0  0  0  0  0  0  0  0  0  0  0  0  0  0  0  0  0  0  0  0  1  0  0  0  0  0  0  0  0  0  0  1  0  0  0  0  0  0  0  1  0  3  0  0  0  0  1  0  0  0  0  0  0  0  2  1  0  0  0  0  0  0  1  1  1  0 10  1  0  0  0  0  0  0  0  0  0  0  0  0  0  0  0  0  0  0  0  0  0 | br = 1/23/2020
  0  0  0  0  0  0  0  0  0  0  0  0  0  3  1  1  0  0  0  0  0  0  0  0  0  0  0  0  0  1  0  0  0  0  2  4  0  0  0  1  0  0  0  0  1  0  0  0  1  0  0  0  0  0  0  0  0  0  1  0  0  0  1  1  0  0  0  0  1  1  4  0  0  0  0  0  0  0  0  0  0  0  0  0  0  0  0  0  0  0  0  0 | bs = 1/22/2020
  0  0  0  0  0  0  0  0  0  0  0  0  0  0  1  3  0  0  0  0  0  0  0  0  0  0  0  0  0  0  1  0  0  0  0  0  0  0  0  0  0  0  0  0  0  0  0  0  0  0  0  0  0  1  0  0  0  1  0  0  1  0  0  0  0  0  0  0  0  0  0  8  1  0  1  2  0  0  0  0  2  0  0  0  0  1  0  1  0  0  0  0 | bt = 1/21/2020
  0  0  0  0  0  0  0  0  0  0  0  0  0  0  0  0  0  0  0  0  0  0  0  0  0  0  0  0  0  0  0  0  0  0  0  0  0  0  0  0  0  0  0  0  0  0  0  0  0  0  0  0  0  0  0  0  0  0  0  0  0  0  0  0  0  0  0  0  0  0  0  1 16  3  0  2  0  0  0  0  0  0  1  0  0  0  0  1  0  0  0  0 | bu = 1/20/2020
  0  0  0  0  0  0  0  0  0  0  0  0  0  0  0  0  0  0  0  0  0  0  0  0  0  0  0  0  0  0  0  0  0  0  0  0  0  0  0  0  0  0  0  0  0  0  0  0  0  0  0  0  0  0  0  0  0  0  0  0  0  0  0  0  0  0  0  0  0  0  0  1  1  9  1  1  1  1  1  1  1  1  3  0  0  0  1  1  0  0  0  0 | bv = 1/19/2020
  0  0  0  0  0  0  0  0  0  0  0  0  0  0  0  0  0  0  0  0  0  0  0  0  0  0  0  0  0  0  0  0  0  0  0  0  0  0  0  0  0  0  0  0  0  0  0  0  0  0  0  0  0  0  0  0  0  0  0  0  0  0  0  0  0  0  0  0  0  0  0  0  0  2  5  5  0  0  1  0  1  2  1  1  2  1  1  0  1  1  0  0 | bw = 1/18/2020
  0  0  0  0  0  0  0  0  0  0  0  0  0  0  0  0  0  0  0  0  0  0  0  0  0  0  0  0  0  0  0  0  0  0  0  0  0  0  0  0  0  0  0  0  0  0  0  0  0  0  0  0  0  0  0  0  0  0  0  0  0  0  0  0  0  0  0  0  0  0  0  0  4  0  1  7  2  1  0  0  0  1  0  3  0  0  1  1  2  1  0  0 | bx = 1/17/2020
  0  0  0  0  0  0  0  0  0  0  0  0  0  0  0  0  0  0  0  0  0  0  0  0  0  0  0  0  0  0  0  0  0  0  0  0  0  0  0  0  0  0  0  0  0  0  0  0  0  0  0  0  0  0  0  0  0  0  0  0  0  0  0  0  0  0  0  0  0  0  0  0  0  1  1  1 11  3  2  0  2  0  0  0  0  0  2  0  0  0  1  0 | by = 1/16/2020
  0  0  0  0  0  0  0  0  0  0  0  0  0  0  0  0  0  0  0  0  0  0  0  0  0  0  0  0  0  0  0  0  0  0  0  0  0  0  0  0  0  0  0  0  0  0  0  0  0  0  0  0  0  0  0  0  0  0  0  0  0  0  0  0  0  0  0  0  0  0  0  1  0  3  1  1  1  5  3  0  2  4  0  0  0  0  0  0  0  2  1  0 | bz = 1/15/2020
  0  0  0  0  0  0  0  0  0  0  0  0  0  0  0  0  0  0  0  0  0  0  0  0  0  0  0  0  0  0  0  0  0  0  0  0  0  0  0  0  0  0  0  0  0  0  0  0  0  0  0  0  0  0  0  0  0  0  0  0  0  0  0  0  0  0  0  0  0  0  0  1  1  1  1  1  0  4  6  0  0  3  0  0  1  0  2  0  0  2  1  0 | ca = 1/14/2020
  0  0  0  0  0  0  0  0  0  0  0  0  0  0  0  0  0  0  0  0  0  0  0  0  0  0  0  0  0  0  0  0  0  0  0  0  0  0  0  0  0  0  0  0  0  0  0  0  0  0  0  0  0  0  0  0  0  0  0  0  0  0  0  0  0  0  0  0  0  0  0  0  1  2  0  0  1  0  0  7  1  0  4  1  3  0  0  1  2  1  0  0 | cb = 1/13/2020
  0  0  0  0  0  0  0  0  0  0  0  0  0  0  0  0  0  0  0  0  0  0  0  0  0  0  0  0  0  0  0  0  0  0  0  0  0  0  0  0  0  0  0  0  0  0  0  0  0  0  0  0  0  0  0  0  0  0  0  0  0  0  0  0  0  0  0  0  0  0  0  1  1  0  1  0  2  2  0  2  5  2  3  1  0  0  2  0  1  1  0  0 | cc = 1/12/2020
  0  0  0  0  0  0  0  0  0  0  0  0  0  0  0  0  0  0  0  0  0  0  0  0  0  0  0  0  0  0  0  0  0  0  0  0  0  0  0  0  0  0  0  0  0  0  0  0  0  0  0  0  0  0  0  0  0  0  0  0  0  0  0  0  0  0  0  0  0  0  0  1  0  1  1  0  0  3  4  0  1  2  2  2  1  0  2  1  2  1  0  0 | cd = 1/11/2020
  0  0  0  0  0  0  0  0  0  1  0  0  0  0  0  0  0  0  0  0  0  0  0  0  0  0  0  0  0  0  0  0  0  0  0  0  0  0  0  0  0  0  0  0  0  0  0  0  0  0  0  0  0  0  0  0  0  0  0  0  0  0  0  0  0  0  0  0  0  0  0  0  0  2  0  0  0  0  0  0  2  1 12  1  0  0  1  0  1  3  0  0 | ce = 1/10/2020
  0  0  0  0  0  0  0  0  0  0  0  0  0  0  0  0  0  0  0  0  0  0  0  0  0  0  0  0  0  0  0  0  0  0  0  0  0  0  0  0  0  0  0  0  0  0  0  0  0  0  0  0  0  0  0  0  0  0  0  0  0  0  0  0  0  0  0  0  0  0  0  0  0  0  1  2  0  0  0  0  0  1  0  4  2  1  0  2  3  7  0  1 | cf = 1/9/2020
  0  0  0  0  0  0  0  0  0  0  0  0  0  0  0  0  0  0  0  0  0  0  0  0  0  0  0  0  0  0  0  0  0  0  0  0  0  0  0  0  0  0  0  0  0  0  0  0  0  0  0  0  0  0  0  0  0  0  0  0  0  0  0  0  0  0  0  0  0  0  0  0  0  0  4  0  0  0  0  0  0  0  0  1 14  0  0  1  0  4  0  0 | cg = 1/8/2020
  0  0  0  0  0  0  0  0  0  0  0  0  0  0  0  0  0  0  0  0  0  0  0  0  0  0  0  0  0  0  0  0  0  0  0  0  0  0  0  0  0  0  0  0  0  0  0  0  0  0  0  0  0  0  0  0  0  0  0  0  0  0  0  0  0  0  0  0  0  0  0  0  0  0  0  0  0  0  0  0  0  0  0  1  0 22  0  1  0  0  0  0 | ch = 1/7/2020
  0  0  0  0  0  0  0  0  0  0  0  0  0  0  0  0  0  0  0  0  0  0  0  0  0  0  0  0  0  0  0  0  0  0  0  0  0  0  0  0  0  0  0  0  0  0  0  0  0  0  0  0  0  0  0  0  0  0  0  0  0  0  0  0  0  0  0  0  0  0  0  0  0  0  1  1  2  1  1  0  0  1  1  0  0  0 11  2  3  0  0  0 | ci = 1/6/2020
  0  0  0  0  0  0  0  0  0  0  0  0  0  0  0  0  0  0  0  0  0  0  0  0  0  0  0  0  0  0  0  0  0  0  0  0  0  0  0  0  0  0  0  0  0  0  0  0  0  0  0  0  0  0  0  0  0  0  0  0  0  0  0  0  0  0  0  0  0  0  0  1  1  2  1  3  0  0  0  1  1  1  0  3  2  0  0  7  1  0  0  0 | cj = 1/5/2020
  0  0  0  0  0  0  0  0  0  0  0  0  0  0  0  0  0  0  0  0  0  0  0  0  0  0  0  0  0  0  0  0  0  0  0  0  0  0  0  0  0  0  0  0  0  0  0  0  0  0  0  0  0  0  0  0  0  0  0  0  0  0  0  0  0  0  0  0  0  0  0  0  2  0  0  0  0  0  0  1  0  0  0  6  0  0  2  1  9  3  0  0 | ck = 1/4/2020
  0  0  0  0  0  0  0  0  0  0  0  0  0  0  0  0  0  0  0  0  0  0  0  0  0  0  0  0  0  0  0  0  0  0  0  0  0  0  0  0  0  0  0  0  0  0  0  0  0  0  0  0  0  0  0  0  0  0  0  0  0  0  0  0  0  0  0  0  0  0  0  0  0  0  0  2  0  0  0  1  1  0  0  7  2  0  0  0  1  7  3  0 | cl = 1/3/2020
  0  0  0  0  0  0  0  0  0  0  0  0  0  0  0  0  0  0  0  0  0  0  0  0  0  0  0  0  0  0  0  0  0  0  0  0  0  0  0  0  0  0  0  0  0  0  0  0  0  0  0  0  0  0  0  0  0  0  0  0  0  0  0  0  0  0  0  0  0  0  0  2  2  0  0  2  0  2  1  1  0  2  0  0  2  0  0  0  2  4  3  1 | cm = 1/2/2020
  0  0  0  0  0  0  0  0  0  0  0  0  0  0  0  0  0  0  0  0  0  0  0  0  0  0  0  0  0  0  0  0  0  0  0  0  0  0  0  0  0  0  0  0  0  0  0  0  0  0  0  0  0  0  0  0  0  0  0  0  0  0  0  0  0  0  0  0  0  0  0  1  0  0  0  0  1  0  0  1  1  0  1  2  0  0  1  0  1  3  2  8 | cn = 1/1/2020

