=== Run information ===

Scheme:       weka.classifiers.bayes.NaiveBayes 
Relation:     KahramanmarasVeriset
Instances:    2184
Attributes:   8
              Tarih
              PM10
              PM10Debi
              SO2
              Havasicakligi
              Ruzgarhizi
              Bagilnem
              kabinsicakligi
Test mode:    10-fold cross-validation

=== Classifier model (full training set) ===

Naive Bayes Classifier

                     Class
Attribute         4/1/2020 3/31/2020 3/30/2020 3/29/2020 3/28/2020 3/27/2020 3/26/2020 3/25/2020 3/24/2020 3/23/2020 3/22/2020 3/21/2020 3/20/2020 3/19/2020 3/18/2020 3/17/2020 3/16/2020 3/15/2020 3/14/2020 3/13/2020 3/12/2020 3/11/2020 3/10/2020  3/9/2020  3/8/2020  3/7/2020  3/6/2020  3/5/2020  3/4/2020  3/3/2020  3/2/2020  3/1/2020 2/29/2020 2/28/2020 2/27/2020 2/26/2020 2/25/2020 2/24/2020 2/23/2020 2/22/2020 2/21/2020 2/20/2020 2/19/2020 2/18/2020 2/17/2020 2/16/2020 2/15/2020 2/14/2020 2/13/2020 2/12/2020 2/11/2020 2/10/2020  2/9/2020  2/8/2020  2/7/2020  2/6/2020  2/5/2020  2/4/2020  2/3/2020  2/2/2020  2/1/2020 1/31/2020 1/30/2020 1/29/2020 1/28/2020 1/27/2020 1/26/2020 1/25/2020 1/24/2020 1/23/2020 1/22/2020 1/21/2020 1/20/2020 1/19/2020 1/18/2020 1/17/2020 1/16/2020 1/15/2020 1/14/2020 1/13/2020 1/12/2020 1/11/2020 1/10/2020  1/9/2020  1/8/2020  1/7/2020  1/6/2020  1/5/2020  1/4/2020  1/3/2020  1/2/2020  1/1/2020
                       (0)    (0.01)    (0.01)    (0.01)    (0.01)    (0.01)    (0.01)    (0.01)    (0.01)    (0.01)    (0.01)    (0.01)    (0.01)    (0.01)    (0.01)    (0.01)    (0.01)    (0.01)    (0.01)    (0.01)    (0.01)    (0.01)    (0.01)    (0.01)    (0.01)    (0.01)    (0.01)    (0.01)    (0.01)    (0.01)    (0.01)    (0.01)    (0.01)    (0.01)    (0.01)    (0.01)    (0.01)    (0.01)    (0.01)    (0.01)    (0.01)    (0.01)    (0.01)    (0.01)    (0.01)    (0.01)    (0.01)    (0.01)    (0.01)    (0.01)    (0.01)    (0.01)    (0.01)    (0.01)    (0.01)    (0.01)    (0.01)    (0.01)    (0.01)    (0.01)    (0.01)    (0.01)    (0.01)    (0.01)    (0.01)    (0.01)    (0.01)    (0.01)    (0.01)    (0.01)    (0.01)    (0.01)    (0.01)    (0.01)    (0.01)    (0.01)    (0.01)    (0.01)    (0.01)    (0.01)    (0.01)    (0.01)    (0.01)    (0.01)    (0.01)    (0.01)    (0.01)    (0.01)    (0.01)    (0.01)    (0.01)    (0.01)
=========================================================================================================================================================================================================================================================================================================================================================================================================================================================================================================================================================================================================================================================================================================================================================================================================================================================================================================================================================================
PM10
  mean              21.4606   39.9392   25.4983   15.5239   28.5588   41.1512   57.1176    28.946   40.6718   51.7524   49.0422   51.5312   40.6534   34.0899   21.4606   20.8337   29.3147   48.8763   33.2602   53.8358   77.5825   78.4122   73.6555    55.827   39.1416   33.3155   42.8105   56.2142   82.5789  101.5137   76.2735   29.5359    29.075   61.7268   68.2903   93.1064   42.6815    55.956   80.8643   32.3937  121.1305  115.0832  128.5606  108.0772   91.6868  110.4002  139.4568  139.0512   44.6911    50.554   69.0278     38.57   24.2261   41.9378         0   16.9915   32.8915   84.8836         0         0         0   14.0554   75.1857   59.4222  112.8524  149.6893   152.447  102.8042   28.6694   62.2062   35.3412   77.6362   90.0643  109.1465  120.9277  143.7342  235.9741  274.9128  193.5323  102.1405  223.1236   192.168   83.0767   95.7798   66.3545   51.7524  159.2581   85.5842  108.9069   86.9669   122.077  110.6215
  std. dev.          1.5487   22.8944   11.8496    4.1152   16.5853   14.8458     17.48   15.5511   21.5451   24.6026    31.304    34.613   22.1947   14.0743    8.1179   12.4461   12.3608   18.3165   22.6262   25.7104   25.4733   16.4842     8.031    5.0993    4.0614    0.8127   24.4201   18.6377   45.3181  102.0306  102.6768   17.6839   10.8983   35.5504   34.4705  110.1918   30.3208    19.432   47.9079   22.6152   76.1445   37.3796    26.322   45.4858   50.8864   31.5243   47.6345   39.6587   33.4382   17.2878    33.004   28.5142   13.0791   13.1242    0.0737    3.5575   35.8927    21.016    0.0737    0.0737    0.0737   10.8583    53.311   33.1223   60.1729  120.3282   99.9954  139.3732   18.0436   35.3774   27.6863   54.7669   25.1293   45.2445   85.7202   95.1106  106.4264   194.964  139.8921   86.0148   97.7531  171.8045   37.3124    53.001    21.289   19.8497    77.398   37.0051   33.0387   33.1222   15.7032    0.6258
  weight sum              2        23        24        24        24        24        24        24        24        24        24        24        24        24        24        24        24        24        24        24        24        24        24        24        24        24        24        24        24        24        24        24        24        24        24        24        24        24        24        24        24        24        24        24        24        24        24        24        24        24        24        24        24         9         0         5        24         6         0         0         0        17        24        24        24        24        21        24        24        24        23        22        24        24        24        24        24        24        24        24        24        24        24        24        24        24        24        24        24        24         9         3
  precision          0.4425    0.4425    0.4425    0.4425    0.4425    0.4425    0.4425    0.4425    0.4425    0.4425    0.4425    0.4425    0.4425    0.4425    0.4425    0.4425    0.4425    0.4425    0.4425    0.4425    0.4425    0.4425    0.4425    0.4425    0.4425    0.4425    0.4425    0.4425    0.4425    0.4425    0.4425    0.4425    0.4425    0.4425    0.4425    0.4425    0.4425    0.4425    0.4425    0.4425    0.4425    0.4425    0.4425    0.4425    0.4425    0.4425    0.4425    0.4425    0.4425    0.4425    0.4425    0.4425    0.4425    0.4425    0.4425    0.4425    0.4425    0.4425    0.4425    0.4425    0.4425    0.4425    0.4425    0.4425    0.4425    0.4425    0.4425    0.4425    0.4425    0.4425    0.4425    0.4425    0.4425    0.4425    0.4425    0.4425    0.4425    0.4425    0.4425    0.4425    0.4425    0.4425    0.4425    0.4425    0.4425    0.4425    0.4425    0.4425    0.4425    0.4425    0.4425    0.4425

PM10Debi
  mean                0.834     0.834     0.834     0.834     0.834     0.834     0.834     0.834     0.834     0.834     0.834     0.834     0.834     0.834     0.834     0.834     0.834     0.834     0.834     0.834     0.834     0.834     0.834     0.834     0.834     0.834     0.834     0.834     0.834     0.834     0.834     0.834     0.834     0.834     0.834     0.834     0.834     0.834     0.834     0.834     0.834     0.834     0.834     0.834     0.834     0.834     0.834     0.834     0.834     0.834     0.834     0.834     0.834     0.834     0.834     0.834     0.834     0.834         0     0.834     0.834     0.834     0.834     0.834     0.834     0.834    0.7977     0.834     0.834     0.834     0.834     0.834     0.834     0.834     0.834     0.834     0.834     0.834     0.834     0.834     0.834     0.834     0.834     0.834     0.834     0.834     0.834     0.834     0.834     0.834     0.834     0.834
  std. dev.          0.0154    0.0154    0.0154    0.0154    0.0154    0.0154    0.0154    0.0154    0.0154    0.0154    0.0154    0.0154    0.0154    0.0154    0.0154    0.0154    0.0154    0.0154    0.0154    0.0154    0.0154    0.0154    0.0154    0.0154    0.0154    0.0154    0.0154    0.0154    0.0154    0.0154    0.0154    0.0154    0.0154    0.0154    0.0154    0.0154    0.0154    0.0154    0.0154    0.0154    0.0154    0.0154    0.0154    0.0154    0.0154    0.0154    0.0154    0.0154    0.0154    0.0154    0.0154    0.0154    0.0154    0.0154    0.0154    0.0154    0.0154    0.0154    0.0154    0.0154    0.0154    0.0154    0.0154    0.0154    0.0154    0.0154    0.1701    0.0154    0.0154    0.0154    0.0154    0.0154    0.0154    0.0154    0.0154    0.0154    0.0154    0.0154    0.0154    0.0154    0.0154    0.0154    0.0154    0.0154    0.0154    0.0154    0.0154    0.0154    0.0154    0.0154    0.0154    0.0154
  weight sum              2        23        24        24        24        24        24        24        24        24        24        24        24        24        24        24        24        24        24        24        24        24        23        24        24        23        24        24        24        24        24        24        24        24        24        24        24        24        24        24        24        24        24        24        24        24        24        24        24        24        24        24        24        23        24        24        24         6         1        21        24        24        24        24        24        24        23        24        24        24        23        22        24        24        24        24        24        24        24        24        24        24        24        24        24        24        24        24        24        24        22        22
  precision          0.0927    0.0927    0.0927    0.0927    0.0927    0.0927    0.0927    0.0927    0.0927    0.0927    0.0927    0.0927    0.0927    0.0927    0.0927    0.0927    0.0927    0.0927    0.0927    0.0927    0.0927    0.0927    0.0927    0.0927    0.0927    0.0927    0.0927    0.0927    0.0927    0.0927    0.0927    0.0927    0.0927    0.0927    0.0927    0.0927    0.0927    0.0927    0.0927    0.0927    0.0927    0.0927    0.0927    0.0927    0.0927    0.0927    0.0927    0.0927    0.0927    0.0927    0.0927    0.0927    0.0927    0.0927    0.0927    0.0927    0.0927    0.0927    0.0927    0.0927    0.0927    0.0927    0.0927    0.0927    0.0927    0.0927    0.0927    0.0927    0.0927    0.0927    0.0927    0.0927    0.0927    0.0927    0.0927    0.0927    0.0927    0.0927    0.0927    0.0927    0.0927    0.0927    0.0927    0.0927    0.0927    0.0927    0.0927    0.0927    0.0927    0.0927    0.0927    0.0927

SO2
  mean               5.4774    6.2377    6.2455    4.4737    5.1093    6.1793    4.8344     5.924    6.4099    6.5081    7.0504    6.7731    6.6848    7.1731    6.8271    6.4099    5.6296    4.2185     4.778    6.9376     7.583    8.2112    7.4652    7.9928    7.4995    9.4701    8.3192    9.2051    8.6112   10.3339    8.5057    7.4087     9.367   10.2431   10.6358   10.4345    9.3597    9.2615   11.0112   10.2579   46.3199    55.417    12.388   14.7536   14.1671   14.8984   12.2603    7.9192    8.8689   19.0089   16.6236   11.1487    6.4222    5.6909     6.113    7.1069   11.3573   13.8702   12.7978   12.8272    8.8296    5.6246   11.8898   11.6689   14.9917   12.7806   19.6233   12.1352    6.7363   13.1487    9.8309   10.6014   11.0603    9.4971    9.6394   12.5573   15.1978   12.4051   12.2064    5.8038   15.5414   10.3904    6.7805    8.9057    8.4566    8.1008   10.8198    9.1462    8.9155    9.1118   11.7563   15.8004
  std. dev.          0.0589    1.3651    0.9082    0.5258      0.52    0.4472    0.6545     0.569    0.8068    1.2089     1.455    1.2294    1.0007    0.9854    1.3034    1.1251    0.6137    0.7802    0.7019    0.2481    0.9703    1.3799    0.5691    2.0651    2.9973    2.1539    1.6144    1.9607    3.0864    4.5154    3.3594    1.6551    1.2672    3.2164     2.876    4.6688    3.7384    1.4827    1.9074    1.1327   28.4728   38.1209    2.4085    3.3214    3.9181    2.6679    3.3263    2.8944    2.0648    4.5879    4.6023    5.6444    2.5599    5.6213    2.2345    1.8383    4.2279    6.6258    2.1974    2.3938    3.7231    2.0368    5.0329    3.8164    5.5901    6.0756    8.5938     4.584    2.5276    7.8963    3.6939    4.0352     1.967    2.9003     2.257    3.7532    5.8962    5.3936    4.8943    5.6888   10.2386    5.0269     1.884    1.5201    1.4475    0.9416    3.5534    2.7701    1.4919    2.1776    2.6471   14.9175
  weight sum              2        22        24        24        24        24        24        24        24        24        24        24        24        24        24        24        24        24        24        24        24        24        24        24        24        24        24        24        24        24        24        24        24        24        24        24        24        24        24        24        24        24        24        24        24        24        24        24        24        24        24        24        24        24        24        24        24        20        24        24        24        24        24        24        24        24        22        24        24        24        24        24        24        24        24        24        24        24        24        24        24        24        24        24        24        24        24        24        24        24        23        22
  precision          0.0589    0.0589    0.0589    0.0589    0.0589    0.0589    0.0589    0.0589    0.0589    0.0589    0.0589    0.0589    0.0589    0.0589    0.0589    0.0589    0.0589    0.0589    0.0589    0.0589    0.0589    0.0589    0.0589    0.0589    0.0589    0.0589    0.0589    0.0589    0.0589    0.0589    0.0589    0.0589    0.0589    0.0589    0.0589    0.0589    0.0589    0.0589    0.0589    0.0589    0.0589    0.0589    0.0589    0.0589    0.0589    0.0589    0.0589    0.0589    0.0589    0.0589    0.0589    0.0589    0.0589    0.0589    0.0589    0.0589    0.0589    0.0589    0.0589    0.0589    0.0589    0.0589    0.0589    0.0589    0.0589    0.0589    0.0589    0.0589    0.0589    0.0589    0.0589    0.0589    0.0589    0.0589    0.0589    0.0589    0.0589    0.0589    0.0589    0.0589    0.0589    0.0589    0.0589    0.0589    0.0589    0.0589    0.0589    0.0589    0.0589    0.0589    0.0589    0.0589

Havasicakligi
  mean                7.245     6.931     6.647    8.6589    9.6929    8.3284    9.9071    9.4245    9.5921    8.2877    6.7081     4.076    2.6534    0.4458    0.3285    3.0953   11.4799   10.2569   10.8306   10.3451   12.1137    11.885   15.4678    10.317    9.8044   10.6028   11.6427    9.3838    7.2886    5.4735     3.262     5.581    6.7527    8.3662    4.7806    2.7096     4.956    5.9764    5.3446    4.8028    2.7832    0.7511   -0.6619   -1.8965   -1.6911   -2.5119   -6.3844  -11.6989   -3.7485   -2.7222  -10.9808   -8.5348   -8.2645   -1.3207    6.5201    7.7489    6.7042    5.3716    1.9886   -1.7037    -1.347    1.3122    3.9801    3.0972     1.695   -0.6289   -2.0164   -3.5905   -2.7047   -2.0293   -1.2211    0.3883         0         0         0         0         0         0         0         0         0         0         0         0         0         0         0         0         0         0         0         0
  std. dev.          0.0581    4.8864    3.2161    2.6777    2.4947    1.4376    4.9442    2.9411    2.1079    6.8083     6.315    4.8227    1.9992    1.9717    1.1651    2.3467    2.4718    5.1355    2.5665    0.9856    4.4743    6.2007    2.4303    7.1779    6.9808     4.672    1.7426    5.3423    7.3376    6.8329     5.065    2.1093    1.6315    3.9754     6.501    6.1742    1.6779    3.5117    3.1113    1.6765    3.5542    1.0865    2.6844    3.5376    3.8874    3.3602    4.3714    3.5214     2.113    3.4578    4.0407    1.7749    2.0762    3.0535     1.284    1.2486    1.6694    2.3978    3.4549    4.4019    2.8593    2.1209     3.813    1.8338    3.7471    5.9797    6.5686    4.5874    1.7269    4.6102    3.0818    1.0365    0.0039    0.0039    0.0039    0.0039    0.0039    0.0039    0.0039    0.0039    0.0039    0.0039    0.0039    0.0039    0.0039    0.0039    0.0039    0.0039    0.0039    0.0039    0.0039    0.0039
  weight sum              2        24        24        24        24        24        24        24        24        24        24        24        24        24        24        24        24        24        24        24        24        24        24        24        24        23        24        24        24        24        24        24        24        24        24        24        24        24        24        24        24        24        24        24        24        24        24        24        24        24        24        24        24        23        24        24        24        22        24        24        24        24        24        24        24        24        23        24        24        24        24        23        24        24        24        24        24        24        24        24        24        24        24        24        24        24        24        24        24        24        24        22
  precision          0.0233    0.0233    0.0233    0.0233    0.0233    0.0233    0.0233    0.0233    0.0233    0.0233    0.0233    0.0233    0.0233    0.0233    0.0233    0.0233    0.0233    0.0233    0.0233    0.0233    0.0233    0.0233    0.0233    0.0233    0.0233    0.0233    0.0233    0.0233    0.0233    0.0233    0.0233    0.0233    0.0233    0.0233    0.0233    0.0233    0.0233    0.0233    0.0233    0.0233    0.0233    0.0233    0.0233    0.0233    0.0233    0.0233    0.0233    0.0233    0.0233    0.0233    0.0233    0.0233    0.0233    0.0233    0.0233    0.0233    0.0233    0.0233    0.0233    0.0233    0.0233    0.0233    0.0233    0.0233    0.0233    0.0233    0.0233    0.0233    0.0233    0.0233    0.0233    0.0233    0.0233    0.0233    0.0233    0.0233    0.0233    0.0233    0.0233    0.0233    0.0233    0.0233    0.0233    0.0233    0.0233    0.0233    0.0233    0.0233    0.0233    0.0233    0.0233    0.0233

Ruzgarhizi
  mean               1.4162    1.3388    1.4473    1.5995    1.4585    0.8889    1.2428    1.3009    1.1431    1.3449    0.9618    1.1898    1.0207    0.8814    1.6395    1.9015    1.7595    1.2195    0.8452    1.1643    1.2041    1.5097    2.8581    1.3403    1.0099    1.0306    2.0264    1.5726     1.067    0.9513    1.0109    1.9407    1.4304    1.5895    1.2356    0.9165    2.2814    1.4695    0.9994    1.2757    1.5004     1.096     0.818    0.8937    0.9237    0.9144    0.9579    0.9771    1.1875    1.2269    0.9383    2.0217    3.0611    3.5414    2.6881    4.3908    2.3158    1.7014    0.9554    0.8215    1.5605    2.6455    2.0231    0.8306    0.9476    0.7071    0.7128    0.9289    2.3795    1.1978    1.0038     1.287     1.526    0.9616    1.0215    0.9082    0.7579    0.7772    0.8781    1.5048    0.8851    0.8061     1.099    0.9474    1.2334    3.4055    0.9409    0.7454     0.837    0.8426    0.8318    0.9253
  std. dev.          0.0749    0.7147    0.7842    0.8436    0.4704    0.1935     0.617    0.5496    0.2771    0.7192    0.4064    0.4728    0.5327    0.3252    0.7618    0.8226    0.5434    0.5587    0.2706    0.5538    0.4766    0.8062    0.7187    0.7759    0.4185     0.346    0.8581    0.8295    0.4578    0.3416    0.3422    1.2205    0.5899    0.6709     0.564    0.3325    1.5628    0.8483    0.4307    0.4063    0.7805    0.3527    0.2788    0.3063    0.3367    0.3681    0.3364    0.2711    0.3299    0.4776    0.2962    1.3158    1.1501    0.7407    0.8386    0.8111    0.8756    0.8239    0.3821    0.2626    0.6291     1.413    1.3713    0.2208    0.3917    0.3121     0.171     0.303    1.3562    0.4858    0.3389    0.6376    0.8698    0.3775    0.5641    0.3487    0.2974    0.2542    0.2283    0.4996    0.2334    0.2895    0.2916    0.3798    0.4663    0.7115     0.552    0.5012    0.3316    0.2567    0.3585    0.3875
  weight sum              2        24        24        24        24        24        24        24        24        24        24        24        24        24        24        24        24        24        24        24        24        24        24        24        24        24        24        24        24        24        24        24        24        24        24        24        24        24        24        24        24        24        24        24        24        24        24        24        24        24        24        24        24        24        24        24        24        23        24        24        24        24        24        24        24        24        23        24        24        24        24        24        24        24        24        24        24        24        24        24        24        24        24        24        24        24        24        24        24        24        24        22
  precision          0.0026    0.0026    0.0026    0.0026    0.0026    0.0026    0.0026    0.0026    0.0026    0.0026    0.0026    0.0026    0.0026    0.0026    0.0026    0.0026    0.0026    0.0026    0.0026    0.0026    0.0026    0.0026    0.0026    0.0026    0.0026    0.0026    0.0026    0.0026    0.0026    0.0026    0.0026    0.0026    0.0026    0.0026    0.0026    0.0026    0.0026    0.0026    0.0026    0.0026    0.0026    0.0026    0.0026    0.0026    0.0026    0.0026    0.0026    0.0026    0.0026    0.0026    0.0026    0.0026    0.0026    0.0026    0.0026    0.0026    0.0026    0.0026    0.0026    0.0026    0.0026    0.0026    0.0026    0.0026    0.0026    0.0026    0.0026    0.0026    0.0026    0.0026    0.0026    0.0026    0.0026    0.0026    0.0026    0.0026    0.0026    0.0026    0.0026    0.0026    0.0026    0.0026    0.0026    0.0026    0.0026    0.0026    0.0026    0.0026    0.0026    0.0026    0.0026    0.0026

Bagilnem
  mean               56.779   57.0943   56.6503   58.3534   59.4572   58.2168   59.9584   59.2156   59.1813   58.5914   57.0943   54.3739   52.8682   51.1387   50.1864   52.7045   61.1145   60.2766   60.6605   59.9684   61.8545   61.7902    64.773   60.6219   59.8941   60.2351   61.0044   59.4801   57.6999   55.8045   53.5803   55.2848   56.3214   58.2547   55.2676   53.2192   54.4518   55.9969   55.2354   54.5612   52.9483   50.7233   49.7825   48.7837   49.1561    48.339   44.8593   39.5922   46.5766   47.4674   40.2342   41.9251   42.0087   48.1588   56.1306   57.3846    56.473   55.1071   52.4235   49.2169    49.134    51.158   53.9106   52.7474   51.8244    49.899   48.6218   46.9026   47.1671   48.4362   49.1275   49.8203   49.9648   47.0527   50.5739   50.3945   49.1876   49.0796   49.3027   53.0241   49.9562   49.3735   50.1213   52.8818   53.6053   55.3277    47.767   51.0086   51.5763   52.9225    52.367   52.8832
  std. dev.           0.103    4.5599    3.1531    2.8951     2.501    1.4549    4.8011    3.0543    2.1337    6.5486    6.0929    4.7025    2.2404    2.4593    1.0684    2.0265    2.5645    4.9134    2.5691    0.9218    4.3328    5.9652    2.5834    6.8429    6.6901    4.7334    1.8129     5.137    6.8337     6.524    4.8622    2.1477    1.4705    3.8661    6.1222    5.8656    1.7258    3.3343    3.0302    1.6167    3.4586    1.3833    2.8528    3.8759    4.4607    3.8074    5.0213    4.1079    3.0358    3.2775    3.9256    1.9076    1.9437     2.879    1.3386    1.2227    1.5701    2.0428    3.6627    4.9355    3.6349    1.9507    3.6005    1.8017    3.5068    5.3996    6.0574    4.3578    1.6406    4.2924    2.9288    2.4796    1.4729    3.0322     2.986    1.6258    4.7904    4.7107    4.1202    2.3952    3.1758    3.8491    2.6827    1.6409    1.6011    1.0474     3.313    2.3814    0.9205    0.6395     1.969    2.1877
  weight sum              2        24        24        24        24        24        24        24        24        24        24        24        24        24        24        24        24        24        24        24        24        24        24        24        24        24        24        24        24        24        24        24        24        24        24        24        24        24        24        24        24        24        24        24        24        24        24        24        24        24        24        24        24        24        24        24        24        23        24        24        24        24        24        24        24        24        23        24        24        24        24        24        24        24        24        24        24        24        24        24        24        24        24        24        24        24        24        24        24        24        24        22
  precision          0.0172    0.0172    0.0172    0.0172    0.0172    0.0172    0.0172    0.0172    0.0172    0.0172    0.0172    0.0172    0.0172    0.0172    0.0172    0.0172    0.0172    0.0172    0.0172    0.0172    0.0172    0.0172    0.0172    0.0172    0.0172    0.0172    0.0172    0.0172    0.0172    0.0172    0.0172    0.0172    0.0172    0.0172    0.0172    0.0172    0.0172    0.0172    0.0172    0.0172    0.0172    0.0172    0.0172    0.0172    0.0172    0.0172    0.0172    0.0172    0.0172    0.0172    0.0172    0.0172    0.0172    0.0172    0.0172    0.0172    0.0172    0.0172    0.0172    0.0172    0.0172    0.0172    0.0172    0.0172    0.0172    0.0172    0.0172    0.0172    0.0172    0.0172    0.0172    0.0172    0.0172    0.0172    0.0172    0.0172    0.0172    0.0172    0.0172    0.0172    0.0172    0.0172    0.0172    0.0172    0.0172    0.0172    0.0172    0.0172    0.0172    0.0172    0.0172    0.0172

kabinsicakligi
  mean               19.397   19.3897   19.3348   19.3638   19.4053    19.455    19.569   19.3224   19.3058   19.5275    19.339   19.3472    19.397   19.4291   19.4467    19.339   19.2353   19.5099   19.3472   19.2644   19.6643   19.7078   19.4229   18.7463   18.8551   18.9818   19.1856   19.2975    19.398   19.3265   19.2105   19.2685   19.2726   19.2809   19.1732   18.8924   19.2271   19.3307   19.3348   19.2312   19.3234   19.1742   19.1359   18.6095   18.9701   18.7753   17.5568   16.8926   19.1141   17.4998   12.6495   14.4742    13.983   16.1512   20.3927   21.5377   22.9158   19.2817   17.3112   14.6907    15.588   21.9708   23.2298   23.6245   22.8101   20.7554   19.1656   18.0106     19.54   19.7669   19.8456    6.1435         0         0         0         0         0         0         0         0         0         0         0         0         0         0         0         0         0         0         0         0
  std. dev.          0.0041     0.208    0.1142    0.1715    0.1313    0.0568    0.4423    0.1084    0.1109    0.4343    0.2241    0.1573    0.0952    0.2092    0.1519    0.0857    0.1514    0.3996    0.1573    0.1137    0.6167    0.6493    0.7981    0.5137    0.7447    0.2208    0.1356    0.1284    0.2347    0.2158    0.3176    0.1014    0.1227    0.1062    0.2491    0.5694    0.1166    0.1172     0.162    0.1337    0.1477    0.1213    0.1901    0.6612    0.4706    0.3149    1.3104    1.5671    0.2075    1.3687    2.1128    1.0006    1.5448    1.8569    1.0575    0.9698    0.1124    1.9326    1.9936     2.233    1.6292    1.6784    0.3723    0.1385    0.9457     2.335    2.4933    2.8214    1.3883    2.1716    1.8559    8.4919    0.0041    0.0041    0.0041    0.0041    0.0041    0.0041    0.0041    0.0041    0.0041    0.0041    0.0041    0.0041    0.0041    0.0041    0.0041    0.0041    0.0041    0.0041    0.0041    0.0041
  weight sum              2        24        24        24        24        24        24        24        24        24        24        24        24        24        24        24        24        24        24        24        24        24        24        24        24        23        24        24        24        24        24        24        24        24        24        24        24        24        24        24        24        24        24        24        24        24        24        24        24        24        24        24        24        23        24        24        24        22        24        24        24        24        24        24        24        24        23        24        24        24        24        23        24        24        24        24        24        24        24        24        24        24        24        24        24        24        24        24        24        24        24        22
  precision          0.0249    0.0249    0.0249    0.0249    0.0249    0.0249    0.0249    0.0249    0.0249    0.0249    0.0249    0.0249    0.0249    0.0249    0.0249    0.0249    0.0249    0.0249    0.0249    0.0249    0.0249    0.0249    0.0249    0.0249    0.0249    0.0249    0.0249    0.0249    0.0249    0.0249    0.0249    0.0249    0.0249    0.0249    0.0249    0.0249    0.0249    0.0249    0.0249    0.0249    0.0249    0.0249    0.0249    0.0249    0.0249    0.0249    0.0249    0.0249    0.0249    0.0249    0.0249    0.0249    0.0249    0.0249    0.0249    0.0249    0.0249    0.0249    0.0249    0.0249    0.0249    0.0249    0.0249    0.0249    0.0249    0.0249    0.0249    0.0249    0.0249    0.0249    0.0249    0.0249    0.0249    0.0249    0.0249    0.0249    0.0249    0.0249    0.0249    0.0249    0.0249    0.0249    0.0249    0.0249    0.0249    0.0249    0.0249    0.0249    0.0249    0.0249    0.0249    0.0249



Time taken to build model: 0.01 seconds

=== Stratified cross-validation ===
=== Summary ===

Correctly Classified Instances         715               32.7381 %
Kappa statistic                          0.3199
Mean absolute error                      0.0157
Root mean squared error                  0.0969
Relative absolute error                 72.8697 %
Root relative squared error             93.4974 %
Total Number of Instances             2184     

=== Detailed Accuracy By Class ===

                 TP Rate  FP Rate  Precision  Recall   F-Measure  MCC      ROC Area  PRC Area  Class
                 0,000    0,000    ?          0,000    ?          ?        0,547     0,001     4/1/2020
                 0,000    0,001    0,000      0,000    0,000      -0,004   0,793     0,030     3/31/2020
                 0,000    0,009    0,000      0,000    0,000      -0,010   0,932     0,091     3/30/2020
                 0,708    0,013    0,370      0,708    0,486      0,505    0,991     0,555     3/29/2020
                 0,167    0,004    0,333      0,167    0,222      0,230    0,966     0,292     3/28/2020
                 0,833    0,018    0,339      0,833    0,482      0,524    0,989     0,461     3/27/2020
                 0,083    0,005    0,167      0,083    0,111      0,111    0,970     0,234     3/26/2020
                 0,000    0,005    0,000      0,000    0,000      -0,007   0,937     0,105     3/25/2020
                 0,125    0,009    0,130      0,125    0,128      0,118    0,952     0,158     3/24/2020
                 0,000    0,002    0,000      0,000    0,000      -0,005   0,838     0,052     3/23/2020
                 0,000    0,001    0,000      0,000    0,000      -0,004   0,865     0,043     3/22/2020
                 0,042    0,002    0,167      0,042    0,067      0,078    0,859     0,062     3/21/2020
                 0,292    0,023    0,123      0,292    0,173      0,176    0,959     0,136     3/20/2020
                 0,542    0,027    0,181      0,542    0,271      0,300    0,965     0,144     3/19/2020
                 0,750    0,008    0,500      0,750    0,600      0,607    0,992     0,469     3/18/2020
                 0,333    0,005    0,421      0,333    0,372      0,368    0,969     0,459     3/17/2020
                 0,500    0,027    0,171      0,500    0,255      0,280    0,956     0,154     3/16/2020
                 0,292    0,005    0,412      0,292    0,341      0,340    0,969     0,315     3/15/2020
                 0,333    0,006    0,400      0,333    0,364      0,359    0,983     0,440     3/14/2020
                 0,708    0,010    0,447      0,708    0,548      0,557    0,989     0,508     3/13/2020
                 0,208    0,005    0,333      0,208    0,256      0,257    0,933     0,221     3/12/2020
                 0,083    0,002    0,333      0,083    0,133      0,162    0,943     0,140     3/11/2020
                 0,833    0,011    0,465      0,833    0,597      0,617    0,993     0,790     3/10/2020
                 0,458    0,003    0,647      0,458    0,537      0,540    0,971     0,487     3/9/2020
                 0,417    0,002    0,667      0,417    0,513      0,523    0,981     0,565     3/8/2020
                 0,750    0,003    0,720      0,750    0,735      0,732    0,997     0,794     3/7/2020
                 0,333    0,023    0,140      0,333    0,198      0,203    0,962     0,157     3/6/2020
                 0,083    0,002    0,333      0,083    0,133      0,162    0,929     0,124     3/5/2020
                 0,000    0,001    0,000      0,000    0,000      -0,003   0,866     0,068     3/4/2020
                 0,042    0,002    0,200      0,042    0,069      0,087    0,821     0,075     3/3/2020
                 0,000    0,000    0,000      0,000    0,000      -0,002   0,796     0,031     3/2/2020
                 0,167    0,007    0,211      0,167    0,186      0,179    0,960     0,196     3/1/2020
                 0,625    0,010    0,405      0,625    0,492      0,497    0,972     0,386     2/29/2020
                 0,042    0,005    0,083      0,042    0,056      0,052    0,883     0,074     2/28/2020
                 0,042    0,003    0,143      0,042    0,065      0,072    0,850     0,052     2/27/2020
                 0,000    0,001    0,000      0,000    0,000      -0,004   0,832     0,034     2/26/2020
                 0,125    0,006    0,200      0,125    0,154      0,151    0,946     0,237     2/25/2020
                 0,125    0,006    0,188      0,125    0,150      0,145    0,936     0,183     2/24/2020
                 0,208    0,020    0,102      0,208    0,137      0,132    0,935     0,110     2/23/2020
                 0,500    0,014    0,286      0,500    0,364      0,369    0,975     0,526     2/22/2020
                 0,458    0,003    0,611      0,458    0,524      0,525    0,980     0,536     2/21/2020
                 0,625    0,008    0,469      0,625    0,536      0,535    0,987     0,679     2/20/2020
                 0,667    0,019    0,286      0,667    0,400      0,427    0,982     0,307     2/19/2020
                 0,125    0,011    0,115      0,125    0,120      0,110    0,957     0,177     2/18/2020
                 0,000    0,004    0,000      0,000    0,000      -0,007   0,932     0,089     2/17/2020
                 0,417    0,007    0,385      0,417    0,400      0,393    0,985     0,304     2/16/2020
                 0,083    0,015    0,059      0,083    0,069      0,058    0,937     0,113     2/15/2020
                 0,667    0,007    0,500      0,667    0,571      0,572    0,994     0,649     2/14/2020
                 0,500    0,016    0,261      0,500    0,343      0,352    0,977     0,315     2/13/2020
                 0,583    0,006    0,519      0,583    0,549      0,545    0,985     0,544     2/12/2020
                 0,625    0,004    0,625      0,625    0,625      0,621    0,991     0,761     2/11/2020
                 0,208    0,009    0,208      0,208    0,208      0,200    0,984     0,276     2/10/2020
                 0,792    0,007    0,543      0,792    0,644      0,651    0,994     0,621     2/9/2020
                 0,625    0,005    0,600      0,625    0,612      0,608    0,954     0,598     2/8/2020
                 0,500    0,001    0,800      0,500    0,615      0,629    0,997     0,757     2/7/2020
                 0,750    0,007    0,545      0,750    0,632      0,635    0,995     0,675     2/6/2020
                 0,750    0,004    0,692      0,750    0,720      0,717    0,997     0,816     2/5/2020
                 0,333    0,010    0,276      0,333    0,302      0,295    0,957     0,214     2/4/2020
                 0,375    0,003    0,600      0,375    0,462      0,470    0,996     0,654     2/3/2020
                 0,375    0,004    0,529      0,375    0,439      0,440    0,994     0,621     2/2/2020
                 0,417    0,003    0,625      0,417    0,500      0,506    0,994     0,622     2/1/2020
                 0,708    0,004    0,654      0,708    0,680      0,677    0,992     0,744     1/31/2020
                 0,333    0,007    0,333      0,333    0,333      0,326    0,979     0,392     1/30/2020
                 0,917    0,002    0,815      0,917    0,863      0,863    0,999     0,781     1/29/2020
                 0,250    0,013    0,171      0,250    0,203      0,196    0,976     0,193     1/28/2020
                 0,167    0,006    0,222      0,167    0,190      0,185    0,941     0,192     1/27/2020
                 0,083    0,001    0,400      0,083    0,138      0,179    0,943     0,235     1/26/2020
                 0,125    0,004    0,273      0,125    0,171      0,179    0,911     0,136     1/25/2020
                 0,583    0,006    0,519      0,583    0,549      0,545    0,983     0,568     1/24/2020
                 0,000    0,001    0,000      0,000    0,000      -0,003   0,905     0,114     1/23/2020
                 0,083    0,011    0,080      0,083    0,082      0,071    0,963     0,143     1/22/2020
                 0,042    0,002    0,200      0,042    0,069      0,087    0,747     0,050     1/21/2020
                 0,458    0,008    0,379      0,458    0,415      0,410    0,983     0,551     1/20/2020
                 0,333    0,021    0,151      0,333    0,208      0,212    0,949     0,145     1/19/2020
                 0,042    0,005    0,083      0,042    0,056      0,052    0,899     0,058     1/18/2020
                 0,083    0,012    0,071      0,083    0,077      0,066    0,931     0,100     1/17/2020
                 0,042    0,006    0,071      0,042    0,053      0,047    0,970     0,192     1/16/2020
                 0,167    0,006    0,235      0,167    0,195      0,191    0,960     0,202     1/15/2020
                 0,000    0,006    0,000      0,000    0,000      -0,008   0,929     0,095     1/14/2020
                 0,500    0,002    0,750      0,500    0,600      0,609    0,961     0,612     1/13/2020
                 0,208    0,005    0,333      0,208    0,256      0,257    0,954     0,298     1/12/2020
                 0,000    0,000    ?          0,000    ?          ?        0,915     0,075     1/11/2020
                 0,500    0,010    0,364      0,500    0,421      0,419    0,977     0,340     1/10/2020
                 0,042    0,005    0,083      0,042    0,056      0,052    0,948     0,101     1/9/2020
                 0,542    0,020    0,232      0,542    0,325      0,344    0,977     0,233     1/8/2020
                 0,917    0,001    0,917      0,917    0,917      0,916    0,999     0,961     1/7/2020
                 0,083    0,009    0,095      0,083    0,089      0,080    0,965     0,201     1/6/2020
                 0,333    0,007    0,348      0,333    0,340      0,333    0,936     0,401     1/5/2020
                 0,583    0,012    0,350      0,583    0,438      0,444    0,981     0,449     1/4/2020
                 0,542    0,011    0,361      0,542    0,433      0,435    0,985     0,306     1/3/2020
                 0,208    0,014    0,143      0,208    0,169      0,161    0,970     0,248     1/2/2020
                 0,318    0,005    0,412      0,318    0,359      0,356    0,994     0,498     1/1/2020
Weighted Avg.    0,327    0,007    ?          0,327    ?          ?        0,950     0,328     

=== Confusion Matrix ===

  a  b  c  d  e  f  g  h  i  j  k  l  m  n  o  p  q  r  s  t  u  v  w  x  y  z aa ab ac ad ae af ag ah ai aj ak al am an ao ap aq ar as at au av aw ax ay az ba bb bc bd be bf bg bh bi bj bk bl bm bn bo bp bq br bs bt bu bv bw bx by bz ca cb cc cd ce cf cg ch ci cj ck cl cm cn   <-- classified as
  0  0  0  0  2  0  0  0  0  0  0  0  0  0  0  0  0  0  0  0  0  0  0  0  0  0  0  0  0  0  0  0  0  0  0  0  0  0  0  0  0  0  0  0  0  0  0  0  0  0  0  0  0  0  0  0  0  0  0  0  0  0  0  0  0  0  0  0  0  0  0  0  0  0  0  0  0  0  0  0  0  0  0  0  0  0  0  0  0  0  0  0 |  a = 4/1/2020
  0  0  0  0  1  0  1  1  3  0  1  1  1  1  5  0  4  0  0  1  0  0  0  0  0  0  2  0  0  0  0  0  0  0  0  0  0  0  2  0  0  0  0  0  0  0  0  0  0  0  0  0  0  0  0  0  0  0  0  0  0  0  0  0  0  0  0  0  0  0  0  0  0  0  0  0  0  0  0  0  0  0  0  0  0  0  0  0  0  0  0  0 |  b = 3/31/2020
  0  0  0  2  0  1  0  3  1  0  0  0  9  0  0  0  4  0  0  2  0  0  0  0  0  0  0  0  0  0  0  0  0  0  0  0  0  2  0  0  0  0  0  0  0  0  0  0  0  0  0  0  0  0  0  0  0  0  0  0  0  0  0  0  0  0  0  0  0  0  0  0  0  0  0  0  0  0  0  0  0  0  0  0  0  0  0  0  0  0  0  0 |  c = 3/30/2020
  0  0  2 17  1  1  0  0  0  0  0  0  0  0  0  0  1  0  1  0  0  0  0  0  0  0  1  0  0  0  0  0  0  0  0  0  0  0  0  0  0  0  0  0  0  0  0  0  0  0  0  0  0  0  0  0  0  0  0  0  0  0  0  0  0  0  0  0  0  0  0  0  0  0  0  0  0  0  0  0  0  0  0  0  0  0  0  0  0  0  0  0 |  d = 3/29/2020
  0  0  0  8  4  3  1  0  3  0  0  0  0  0  0  0  3  0  2  0  0  0  0  0  0  0  0  0  0  0  0  0  0  0  0  0  0  0  0  0  0  0  0  0  0  0  0  0  0  0  0  0  0  0  0  0  0  0  0  0  0  0  0  0  0  0  0  0  0  0  0  0  0  0  0  0  0  0  0  0  0  0  0  0  0  0  0  0  0  0  0  0 |  e = 3/28/2020
  0  0  0  0  0 20  0  1  0  0  0  0  0  0  0  0  0  0  1  2  0  0  0  0  0  0  0  0  0  0  0  0  0  0  0  0  0  0  0  0  0  0  0  0  0  0  0  0  0  0  0  0  0  0  0  0  0  0  0  0  0  0  0  0  0  0  0  0  0  0  0  0  0  0  0  0  0  0  0  0  0  0  0  0  0  0  0  0  0  0  0  0 |  f = 3/27/2020
  0  1  0  0  0  1  2  0  0  0  2  0  6  0  0  0  0  7  5  0  0  0  0  0  0  0  0  0  0  0  0  0  0  0  0  0  0  0  0  0  0  0  0  0  0  0  0  0  0  0  0  0  0  0  0  0  0  0  0  0  0  0  0  0  0  0  0  0  0  0  0  0  0  0  0  0  0  0  0  0  0  0  0  0  0  0  0  0  0  0  0  0 |  g = 3/26/2020
  0  0  6  0  0  7  0  0  1  0  0  0  0  0  0  0  7  0  0  3  0  0  0  0  0  0  0  0  0  0  0  0  0  0  0  0  0  0  0  0  0  0  0  0  0  0  0  0  0  0  0  0  0  0  0  0  0  0  0  0  0  0  0  0  0  0  0  0  0  0  0  0  0  0  0  0  0  0  0  0  0  0  0  0  0  0  0  0  0  0  0  0 |  h = 3/25/2020
  0  0  1  0  0  6  0  2  3  0  0  0  0  0  0  0  7  0  0  2  0  0  0  0  0  0  0  0  0  0  0  0  1  1  0  0  0  1  0  0  0  0  0  0  0  0  0  0  0  0  0  0  0  0  0  0  0  0  0  0  0  0  0  0  0  0  0  0  0  0  0  0  0  0  0  0  0  0  0  0  0  0  0  0  0  0  0  0  0  0  0  0 |  i = 3/24/2020
  0  0  0  0  0  1  0  0  0  0  0  1  1  4  3  0  6  0  0  0  2  1  2  0  1  0  1  0  0  0  0  0  0  0  0  0  0  0  1  0  0  0  0  0  0  0  0  0  0  0  0  0  0  0  0  0  0  0  0  0  0  0  0  0  0  0  0  0  0  0  0  0  0  0  0  0  0  0  0  0  0  0  0  0  0  0  0  0  0  0  0  0 |  j = 3/23/2020
  0  0  0  0  0  1  0  0  1  0  0  0  2  6  0  0  6  0  0  0  0  0  0  0  0  0  3  0  0  0  0  0  0  0  0  0  0  2  3  0  0  0  0  0  0  0  0  0  0  0  0  0  0  0  0  0  0  0  0  0  0  0  0  0  0  0  0  0  0  0  0  0  0  0  0  0  0  0  0  0  0  0  0  0  0  0  0  0  0  0  0  0 |  k = 3/22/2020
  0  1  1  0  1  3  0  0  2  0  0  1  0  5  0  0  4  0  0  1  0  0  0  0  0  0  0  0  0  0  0  0  0  0  0  0  0  1  0  0  0  0  4  0  0  0  0  0  0  0  0  0  0  0  0  0  0  0  0  0  0  0  0  0  0  0  0  0  0  0  0  0  0  0  0  0  0  0  0  0  0  0  0  0  0  0  0  0  0  0  0  0 |  l = 3/21/2020
  0  0  2  3  0  0  0  0  0  0  0  0  7  8  2  2  0  0  0  0  0  0  0  0  0  0  0  0  0  0  0  0  0  0  0  0  0  0  0  0  0  0  0  0  0  0  0  0  0  0  0  0  0  0  0  0  0  0  0  0  0  0  0  0  0  0  0  0  0  0  0  0  0  0  0  0  0  0  0  0  0  0  0  0  0  0  0  0  0  0  0  0 |  m = 3/20/2020
  0  0  0  0  0  0  0  0  0  0  0  0  7 13  2  1  0  0  0  0  0  0  0  0  0  0  0  0  0  0  0  0  0  0  0  0  0  0  0  0  0  0  0  0  0  0  0  0  1  0  0  0  0  0  0  0  0  0  0  0  0  0  0  0  0  0  0  0  0  0  0  0  0  0  0  0  0  0  0  0  0  0  0  0  0  0  0  0  0  0  0  0 |  n = 3/19/2020
  0  0  0  0  0  0  0  0  0  0  0  0  0  2 18  2  0  0  0  0  0  0  0  0  0  0  0  0  0  0  0  0  0  0  0  0  0  0  1  1  0  0  0  0  0  0  0  0  0  0  0  0  0  0  0  0  0  0  0  0  0  0  0  0  0  0  0  0  0  0  0  0  0  0  0  0  0  0  0  0  0  0  0  0  0  0  0  0  0  0  0  0 |  o = 3/18/2020
  0  0  1  1  0  2  0  0  0  0  0  0  2  4  4  8  0  0  0  0  0  0  0  0  0  0  0  0  0  0  0  1  0  0  0  0  1  0  0  0  0  0  0  0  0  0  0  0  0  0  0  0  0  0  0  0  0  0  0  0  0  0  0  0  0  0  0  0  0  0  0  0  0  0  0  0  0  0  0  0  0  0  0  0  0  0  0  0  0  0  0  0 |  p = 3/17/2020
  0  0  1  1  2  1  1  3  0  0  0  0  0  0  0  0 12  0  0  2  0  0  0  0  0  0  1  0  0  0  0  0  0  0  0  0  0  0  0  0  0  0  0  0  0  0  0  0  0  0  0  0  0  0  0  0  0  0  0  0  0  0  0  0  0  0  0  0  0  0  0  0  0  0  0  0  0  0  0  0  0  0  0  0  0  0  0  0  0  0  0  0 |  q = 3/16/2020
  0  0  0  0  0  0  6  0  0  0  0  1  6  0  0  0  0  7  3  1  0  0  0  0  0  0  0  0  0  0  0  0  0  0  0  0  0  0  0  0  0  0  0  0  0  0  0  0  0  0  0  0  0  0  0  0  0  0  0  0  0  0  0  0  0  0  0  0  0  0  0  0  0  0  0  0  0  0  0  0  0  0  0  0  0  0  0  0  0  0  0  0 |  r = 3/15/2020
  0  0  0  8  1  3  0  0  1  0  0  0  0  0  0  0  0  2  8  1  0  0  0  0  0  0  0  0  0  0  0  0  0  0  0  0  0  0  0  0  0  0  0  0  0  0  0  0  0  0  0  0  0  0  0  0  0  0  0  0  0  0  0  0  0  0  0  0  0  0  0  0  0  0  0  0  0  0  0  0  0  0  0  0  0  0  0  0  0  0  0  0 |  s = 3/14/2020
  0  0  0  0  0  5  0  0  1  0  0  0  0  0  0  0  0  0  0 17  0  0  0  0  0  0  1  0  0  0  0  0  0  0  0  0  0  0  0  0  0  0  0  0  0  0  0  0  0  0  0  0  0  0  0  0  0  0  0  0  0  0  0  0  0  0  0  0  0  0  0  0  0  0  0  0  0  0  0  0  0  0  0  0  0  0  0  0  0  0  0  0 |  t = 3/13/2020
  0  0  1  0  0  4  0  0  1  0  0  0  1  0  0  0  0  0  0  3  5  2  3  1  0  0  1  0  1  0  0  0  0  0  0  0  0  0  1  0  0  0  0  0  0  0  0  0  0  0  0  0  0  0  0  0  0  0  0  0  0  0  0  0  0  0  0  0  0  0  0  0  0  0  0  0  0  0  0  0  0  0  0  0  0  0  0  0  0  0  0  0 |  u = 3/12/2020
  0  0  0  0  0  0  0  0  1  0  0  1  3  0  0  0  0  0  0  0  1  2  8  0  0  0  1  0  0  0  0  1  0  1  0  0  0  2  3  0  0  0  0  0  0  0  0  0  0  0  0  0  0  0  0  0  0  0  0  0  0  0  0  0  0  0  0  0  0  0  0  0  0  0  0  0  0  0  0  0  0  0  0  0  0  0  0  0  0  0  0  0 |  v = 3/11/2020
  0  0  0  0  0  0  0  0  0  0  0  0  0  0  0  0  0  0  0  1  2  1 20  0  0  0  0  0  0  0  0  0  0  0  0  0  0  0  0  0  0  0  0  0  0  0  0  0  0  0  0  0  0  0  0  0  0  0  0  0  0  0  0  0  0  0  0  0  0  0  0  0  0  0  0  0  0  0  0  0  0  0  0  0  0  0  0  0  0  0  0  0 |  w = 3/10/2020
  0  0  0  0  0  0  0  0  0  0  0  0  3  1  0  0  0  0  0  0  0  0  4 11  0  0  0  0  0  0  0  0  0  0  1  0  0  0  0  1  0  0  0  0  0  0  0  0  0  1  0  0  0  0  0  0  0  0  0  0  0  0  0  0  0  0  0  0  0  0  2  0  0  0  0  0  0  0  0  0  0  0  0  0  0  0  0  0  0  0  0  0 |  x = 3/9/2020
  0  0  0  0  0  0  0  0  0  1  0  0  1  1  0  0  0  0  0  0  3  0  0  0 10  1  1  0  0  0  0  1  0  1  1  0  0  0  0  1  0  0  0  0  0  0  0  0  0  0  0  0  0  0  0  0  0  0  0  0  0  0  0  0  0  0  0  0  0  0  2  0  0  0  0  0  0  0  0  0  0  0  0  0  0  0  0  0  0  0  0  0 |  y = 3/8/2020
  0  0  0  0  0  0  0  0  0  0  0  0  0  1  0  0  0  0  0  0  0  0  0  0  0 18  0  0  0  0  0  1  4  0  0  0  0  0  0  0  0  0  0  0  0  0  0  0  0  0  0  0  0  0  0  0  0  0  0  0  0  0  0  0  0  0  0  0  0  0  0  0  0  0  0  0  0  0  0  0  0  0  0  0  0  0  0  0  0  0  0  0 |  z = 3/7/2020
  0  0  0  0  0  0  0  0  0  0  0  0  0  0  0  0  4  0  0  2  0  0  3  0  1  2  8  1  0  0  0  0  1  0  2  0  0  0  0  0  0  0  0  0  0  0  0  0  0  0  0  0  0  0  0  0  0  0  0  0  0  0  0  0  0  0  0  0  0  0  0  0  0  0  0  0  0  0  0  0  0  0  0  0  0  0  0  0  0  0  0  0 | aa = 3/6/2020
  0  0  0  0  0  0  0  0  0  2  0  0  0  1  0  0  0  0  0  0  0  0  1  1  1  0  5  2  0  0  0  0  1  1  0  0  0  1  2  5  0  0  1  0  0  0  0  0  0  0  0  0  0  0  0  0  0  0  0  0  0  0  0  0  0  0  0  0  0  0  0  0  0  0  0  0  0  0  0  0  0  0  0  0  0  0  0  0  0  0  0  0 | ab = 3/5/2020
  0  0  0  0  0  0  1  0  1  0  0  1  1  2  0  0  3  1  0  0  2  0  1  0  0  0  0  1  0  1  0  0  0  1  0  0  0  0  3  0  0  0  4  0  0  0  0  0  1  0  0  0  0  0  0  0  0  0  0  0  0  0  0  0  0  0  0  0  0  0  0  0  0  0  0  0  0  0  0  0  0  0  0  0  0  0  0  0  0  0  0  0 | ac = 3/4/2020
  0  0  0  0  0  0  0  0  1  1  0  0  0  5  0  0  3  0  0  0  0  0  0  0  0  1  1  0  1  1  0  0  0  0  0  2  0  0  2  0  0  0  4  0  1  0  0  0  1  0  0  0  0  0  0  0  0  0  0  0  0  0  0  0  0  0  0  0  0  0  0  0  0  0  0  0  0  0  0  0  0  0  0  0  0  0  0  0  0  0  0  0 | ad = 3/3/2020
  0  0  0  0  0  0  0  0  3  0  0  0  1  4  0  0  3  0  0  0  0  0  0  1  0  0  0  0  0  0  0  1  0  0  0  0  0  1  2  0  0  0  1  0  0  2  0  0  2  0  0  0  0  0  0  0  0  0  0  0  0  0  0  0  0  1  0  0  2  0  0  0  0  0  0  0  0  0  0  0  0  0  0  0  0  0  0  0  0  0  0  0 | ae = 3/2/2020
  0  0  4  1  0  0  0  0  0  0  0  0  2  0  0  5  0  0  0  0  0  0  0  0  0  0  0  0  0  0  0  4  0  0  0  0  0  0  1  4  0  0  0  0  0  0  0  0  0  0  0  0  0  0  0  3  0  0  0  0  0  0  0  0  0  0  0  0  0  0  0  0  0  0  0  0  0  0  0  0  0  0  0  0  0  0  0  0  0  0  0  0 | af = 3/1/2020
  0  0  0  0  0  0  0  0  0  0  0  0  0  0  0  0  0  0  0  0  0  0  0  0  0  1  0  0  0  0  0  3 15  0  0  0  0  0  2  3  0  0  0  0  0  0  0  0  0  0  0  0  0  0  0  0  0  0  0  0  0  0  0  0  0  0  0  0  0  0  0  0  0  0  0  0  0  0  0  0  0  0  0  0  0  0  0  0  0  0  0  0 | ag = 2/29/2020
  0  0  0  0  0  0  0  0  0  0  0  0  1  1  0  0  0  0  0  0  0  0  0  0  0  0 11  1  0  1  0  0  0  1  0  0  0  1  2  4  1  0  0  0  0  0  0  0  0  0  0  0  0  0  0  0  0  0  0  0  0  0  0  0  0  0  0  0  0  0  0  0  0  0  0  0  0  0  0  0  0  0  0  0  0  0  0  0  0  0  0  0 | ah = 2/28/2020
  0  0  0  0  0  0  0  0  0  0  0  0  0  0  0  0  0  0  0  0  0  0  0  0  0  0  8  1  0  0  0  0  0  3  1  0  0  0  0  0  0  0  3  1  0  2  0  0  5  0  0  0  0  0  0  0  0  0  0  0  0  0  0  0  0  0  0  0  0  0  0  0  0  0  0  0  0  0  0  0  0  0  0  0  0  0  0  0  0  0  0  0 | ai = 2/27/2020
  0  0  0  0  0  0  0  0  0  1  0  0  0  0  0  0  3  0  0  0  0  0  0  0  1  0  2  0  0  1  0  0  1  0  0  0  0  0  1  0  1  0  4  1  0  0  0  0  3  0  0  0  0  0  0  0  0  0  0  0  0  0  0  0  0  1  0  0  2  0  2  0  0  0  0  0  0  0  0  0  0  0  0  0  0  0  0  0  0  0  0  0 | aj = 2/26/2020
  0  0  0  0  0  0  0  0  0  0  0  0  2  0  0  0  0  0  0  0  0  0  0  0  0  0  0  0  0  0  0  6  3  0  0  0  3  0  2  5  0  2  0  0  0  0  0  0  0  0  0  0  0  0  0  1  0  0  0  0  0  0  0  0  0  0  0  0  0  0  0  0  0  0  0  0  0  0  0  0  0  0  0  0  0  0  0  0  0  0  0  0 | ak = 2/25/2020
  0  0  0  0  0  0  0  0  0  0  0  0  1  3  0  0  0  0  0  0  0  0  0  0  0  0  6  0  0  0  0  0  3  1  0  0  0  3  4  2  0  0  1  0  0  0  0  0  0  0  0  0  0  0  0  0  0  0  0  0  0  0  0  0  0  0  0  0  0  0  0  0  0  0  0  0  0  0  0  0  0  0  0  0  0  0  0  0  0  0  0  0 | al = 2/24/2020
  0  0  0  0  0  0  0  0  0  0  0  0  0  1  0  0  0  0  0  0  0  0  0  0  0  1  4  0  0  1  0  0  2  1  0  0  0  2  5  1  0  0  6  0  0  0  0  0  0  0  0  0  0  0  0  0  0  0  0  0  0  0  0  0  0  0  0  0  0  0  0  0  0  0  0  0  0  0  0  0  0  0  0  0  0  0  0  0  0  0  0  0 | am = 2/23/2020
  0  0  0  0  0  0  0  0  0  0  0  0  0  0  0  0  0  0  0  0  0  0  0  0  0  1  0  0  0  0  0  0  6  0  0  0  0  0  5 12  0  0  0  0  0  0  0  0  0  0  0  0  0  0  0  0  0  0  0  0  0  0  0  0  0  0  0  0  0  0  0  0  0  0  0  0  0  0  0  0  0  0  0  0  0  0  0  0  0  0  0  0 | an = 2/22/2020
  0  0  0  0  0  0  0  0  0  0  0  0  0  0  0  0  0  0  0  0  0  0  0  0  0  0  0  0  0  0  0  0  0  1  0  0  5  0  0  1 11  5  0  0  0  0  0  0  0  0  0  0  0  0  0  0  0  1  0  0  0  0  0  0  0  0  0  0  0  0  0  0  0  0  0  0  0  0  0  0  0  0  0  0  0  0  0  0  0  0  0  0 | ao = 2/21/2020
  0  0  0  0  0  0  0  0  0  0  0  0  0  0  0  0  0  0  0  0  0  0  0  0  0  0  0  0  0  0  0  0  0  0  0  0  0  0  0  0  4 15  4  0  0  1  0  0  0  0  0  0  0  0  0  0  0  0  0  0  0  0  0  0  0  0  0  0  0  0  0  0  0  0  0  0  0  0  0  0  0  0  0  0  0  0  0  0  0  0  0  0 | ap = 2/20/2020
  0  0  0  0  0  0  0  0  0  0  0  0  0  0  0  0  0  0  0  0  0  0  0  0  0  0  0  0  0  0  0  0  0  0  0  0  0  0  3  0  0  0 16  0  0  2  0  0  3  0  0  0  0  0  0  0  0  0  0  0  0  0  0  0  0  0  0  0  0  0  0  0  0  0  0  0  0  0  0  0  0  0  0  0  0  0  0  0  0  0  0  0 | aq = 2/19/2020
  0  0  0  0  0  0  0  0  0  0  0  0  0  0  0  0  0  0  0  0  0  0  0  0  0  0  0  0  0  0  0  0  0  0  0  0  1  0  1  0  1  3  1  3  0  5  4  0  0  1  0  0  0  0  0  0  0  2  0  0  0  0  0  0  0  0  0  1  0  0  1  0  0  0  0  0  0  0  0  0  0  0  0  0  0  0  0  0  0  0  0  0 | ar = 2/18/2020
  0  0  0  0  0  0  0  0  0  0  0  0  0  0  0  0  0  0  0  0  0  0  0  0  0  0  0  0  0  0  0  0  0  0  0  0  3  0  0  0  0  2  2  4  0  1  2  0  8  0  0  0  0  0  0  0  0  2  0  0  0  0  0  0  0  0  0  0  0  0  0  0  0  0  0  0  0  0  0  0  0  0  0  0  0  0  0  0  0  0  0  0 | as = 2/17/2020
  0  0  0  0  0  0  0  0  0  0  0  0  0  0  0  0  0  0  0  0  0  0  0  0  0  0  0  0  0  0  0  0  0  0  1  0  0  0  0  0  0  4  1  3  4 10  1  0  0  0  0  0  0  0  0  0  0  0  0  0  0  0  0  0  0  0  0  0  0  0  0  0  0  0  0  0  0  0  0  0  0  0  0  0  0  0  0  0  0  0  0  0 | at = 2/16/2020
  0  0  0  0  0  0  0  0  0  0  0  0  0  0  0  0  0  0  0  0  0  0  0  0  0  0  0  0  0  0  0  0  0  0  0  0  0  0  0  0  0  0  3  2  3  3  2 10  0  0  0  0  0  0  0  0  0  0  0  0  0  0  0  0  0  0  0  1  0  0  0  0  0  0  0  0  0  0  0  0  0  0  0  0  0  0  0  0  0  0  0  0 | au = 2/15/2020
  0  0  0  0  0  0  0  0  0  0  0  0  0  0  0  0  0  0  0  0  0  0  0  0  0  0  0  0  0  0  0  0  0  0  0  0  0  0  0  0  0  0  0  0  0  0  8 16  0  0  0  0  0  0  0  0  0  0  0  0  0  0  0  0  0  0  0  0  0  0  0  0  0  0  0  0  0  0  0  0  0  0  0  0  0  0  0  0  0  0  0  0 | av = 2/14/2020
  0  0  0  0  0  0  0  0  0  0  0  0  0  7  0  0  0  0  0  0  0  0  0  0  0  0  0  0  0  0  0  0  0  0  0  0  0  0  0  0  0  0  1  0  0  0  1  2 12  1  0  0  0  0  0  0  0  0  0  0  0  0  0  0  0  0  0  0  0  0  0  0  0  0  0  0  0  0  0  0  0  0  0  0  0  0  0  0  0  0  0  0 | aw = 2/13/2020
  0  0  0  0  0  0  0  0  0  0  0  0  0  0  0  0  0  0  0  0  0  0  0  0  0  0  0  0  0  0  0  0  0  0  1  0  1  0  0  1  0  1  0  0  1  0  0  0  1 14  1  0  0  0  0  0  0  0  0  0  0  0  0  0  0  0  0  0  1  0  1  1  0  0  0  0  0  0  0  0  0  0  0  0  0  0  0  0  0  0  0  0 | ax = 2/12/2020
  0  0  0  0  0  0  0  0  0  0  0  0  0  0  0  0  0  0  0  0  0  0  0  0  0  0  0  0  0  0  0  0  0  0  0  0  0  0  0  0  0  0  0  0  0  0  0  1  0  4 15  4  0  0  0  0  0  0  0  0  0  0  0  0  0  0  0  0  0  0  0  0  0  0  0  0  0  0  0  0  0  0  0  0  0  0  0  0  0  0  0  0 | ay = 2/11/2020
  0  0  0  0  0  0  0  0  0  0  0  0  0  0  0  0  0  0  0  0  0  0  0  0  0  0  0  0  0  0  0  0  0  0  0  0  0  0  0  0  0  0  0  0  0  0  0  0  0  1  6  5 11  1  0  0  0  0  0  0  0  0  0  0  0  0  0  0  0  0  0  0  0  0  0  0  0  0  0  0  0  0  0  0  0  0  0  0  0  0  0  0 | az = 2/10/2020
  0  0  0  0  0  0  0  0  0  0  0  0  0  0  0  0  0  0  0  0  0  0  0  0  0  0  0  0  0  0  0  0  0  0  0  0  0  0  0  0  0  0  0  0  0  0  0  0  0  0  0  4 19  1  0  0  0  0  0  0  0  0  0  0  0  0  0  0  0  0  0  0  0  0  0  0  0  0  0  0  0  0  0  0  0  0  0  0  0  0  0  0 | ba = 2/9/2020
  0  0  0  0  0  0  0  0  0  0  0  0  0  0  0  1  0  0  0  0  0  0  0  0  0  0  0  0  0  0  0  0  0  0  0  0  1  0  0  0  0  0  0  0  0  0  0  0  0  1  0  1  2 15  0  0  0  0  0  0  1  2  0  0  0  0  0  0  0  0  0  0  0  0  0  0  0  0  0  0  0  0  0  0  0  0  0  0  0  0  0  0 | bb = 2/8/2020
  0  0  0  5  0  0  0  0  0  0  0  0  0  0  0  0  0  0  0  0  0  0  0  0  0  0  0  0  0  0  0  1  0  0  0  0  0  0  0  0  0  0  0  0  0  0  0  0  0  0  0  0  0  0 12  4  0  1  0  0  0  0  1  0  0  0  0  0  0  0  0  0  0  0  0  0  0  0  0  0  0  0  0  0  0  0  0  0  0  0  0  0 | bc = 2/7/2020
  0  0  0  0  0  0  0  0  0  0  0  0  0  0  0  0  0  0  0  0  0  0  0  0  0  0  0  0  0  0  0  0  0  0  0  0  0  0  0  0  0  0  0  0  0  0  0  0  0  0  0  0  0  0  1 18  5  0  0  0  0  0  0  0  0  0  0  0  0  0  0  0  0  0  0  0  0  0  0  0  0  0  0  0  0  0  0  0  0  0  0  0 | bd = 2/6/2020
  0  0  0  0  0  0  0  0  0  0  0  0  0  0  0  0  0  0  0  0  0  0  0  0  0  0  0  0  0  0  0  0  0  0  0  0  0  0  0  0  0  0  0  0  0  0  0  0  0  0  0  0  0  0  0  2 18  0  0  0  0  0  0  0  4  0  0  0  0  0  0  0  0  0  0  0  0  0  0  0  0  0  0  0  0  0  0  0  0  0  0  0 | be = 2/5/2020
  0  0  1  0  0  0  0  0  0  0  0  0  0  0  0  0  0  0  0  0  0  0  1  3  0  0  0  0  0  0  0  0  0  0  0  0  0  0  0  1  0  0  0  0  0  0  0  0  0  0  0  0  0  0  2  1  0  8  2  0  0  0  0  0  5  0  0  0  0  0  0  0  0  0  0  0  0  0  0  0  0  0  0  0  0  0  0  0  0  0  0  0 | bf = 2/4/2020
  0  0  0  0  0  0  0  0  0  0  0  0  0  0  0  0  0  0  0  0  0  0  0  0  0  0  0  0  0  0  0  0  0  0  0  0  0  0  3  0  0  0  0  0  0  0  0  0  0  0  0  0  0  0  0  0  0  4  9  5  3  0  0  0  0  0  0  0  0  0  0  0  0  0  0  0  0  0  0  0  0  0  0  0  0  0  0  0  0  0  0  0 | bg = 2/3/2020
  0  0  0  0  0  0  0  0  0  0  0  0  0  0  0  0  0  0  0  0  0  0  0  0  0  0  0  0  0  0  0  0  0  0  0  0  0  0  0  0  0  0  0  4  0  0  0  0  0  0  2  4  0  0  0  0  0  1  3  9  0  0  0  0  0  0  0  1  0  0  0  0  0  0  0  0  0  0  0  0  0  0  0  0  0  0  0  0  0  0  0  0 | bh = 2/2/2020
  0  0  0  0  0  0  0  0  0  0  0  0  0  0  0  0  0  0  0  0  0  0  0  0  0  0  0  0  0  0  0  0  0  0  0  0  0  0  0  0  0  0  0  1  0  0  2  0  0  1  0  1  0  2  0  0  0  3  0  3 10  1  0  0  0  0  0  0  0  0  0  0  0  0  0  0  0  0  0  0  0  0  0  0  0  0  0  0  0  0  0  0 | bi = 2/1/2020
  0  0  0  0  0  0  0  0  0  0  0  0  0  0  0  0  0  0  0  0  0  0  0  0  0  0  0  0  0  0  0  0  0  0  0  0  0  0  0  0  0  0  0  0  0  0  0  0  0  0  0  0  0  2  0  0  0  0  0  0  0 17  3  0  0  0  0  0  1  0  1  0  0  0  0  0  0  0  0  0  0  0  0  0  0  0  0  0  0  0  0  0 | bj = 1/31/2020
  0  0  0  0  0  0  0  0  0  0  0  0  0  0  0  0  0  0  0  0  0  0  0  0  0  0  0  0  0  0  0  0  0  0  0  0  0  0  0  0  0  0  0  0  0  0  0  0  0  0  0  0  0  0  0  4  0  0  0  0  0  0  8  1  9  0  0  0  0  0  2  0  0  0  0  0  0  0  0  0  0  0  0  0  0  0  0  0  0  0  0  0 | bk = 1/30/2020
  0  0  0  0  0  0  0  0  0  0  0  0  0  0  0  0  0  0  0  0  0  0  0  0  0  0  0  0  0  0  0  0  0  0  0  0  0  0  0  0  0  0  0  0  0  0  0  0  0  0  0  0  0  0  0  0  0  0  0  0  0  0  0 22  2  0  0  0  0  0  0  0  0  0  0  0  0  0  0  0  0  0  0  0  0  0  0  0  0  0  0  0 | bl = 1/29/2020
  0  0  0  0  0  0  0  0  0  0  0  0  0  0  0  0  0  0  0  0  0  0  0  0  0  0  0  0  0  0  0  0  0  0  0  0  0  0  0  0  0  0  0  0  0  0  0  0  0  0  0  0  0  0  0  0  1  0  0  0  0  0  5  4  6  5  1  0  0  0  2  0  0  0  0  0  0  0  0  0  0  0  0  0  0  0  0  0  0  0  0  0 | bm = 1/28/2020
  0  0  0  0  0  0  0  0  0  0  0  0  0  0  0  0  0  0  0  0  0  0  0  0  1  0  0  0  0  0  0  0  0  0  0  0  0  0  0  0  0  0  0  2  0  0  2  1  2  0  0  0  0  0  0  0  1  1  0  0  0  0  2  0  2  4  2  2  0  2  0  0  0  0  0  0  0  0  0  0  0  0  0  0  0  0  0  0  0  0  0  0 | bn = 1/27/2020
  0  1  0  0  0  0  0  0  0  0  0  0  0  0  0  0  0  0  0  0  0  0  0  0  0  0  0  0  0  0  0  0  0  0  0  1  0  0  0  0  0  0  0  1  0  0  6  2  0  0  0  0  0  0  0  0  1  2  1  0  0  0  1  0  0  2  2  3  0  0  0  1  0  0  0  0  0  0  0  0  0  0  0  0  0  0  0  0  0  0  0  0 | bo = 1/26/2020
  0  0  0  0  0  0  0  0  0  0  0  0  0  0  0  0  0  0  0  0  0  0  0  0  0  0  0  0  0  0  1  0  0  0  0  0  0  0  0  0  0  0  0  0  0  0  1  0  0  2  0  5  1  0  0  0  0  2  0  0  0  0  0  0  1  5  0  3  0  0  2  1  0  0  0  0  0  0  0  0  0  0  0  0  0  0  0  0  0  0  0  0 | bp = 1/25/2020
  0  0  0  0  0  0  0  0  0  0  0  0  0  0  0  0  0  0  0  0  0  0  0  0  0  0  0  0  0  0  0  0  0  0  0  0  0  0  0  0  0  0  0  0  0  0  0  0  1  0  0  0  0  2  0  0  0  0  0  0  0  1  0  0  0  0  0  0 14  0  6  0  0  0  0  0  0  0  0  0  0  0  0  0  0  0  0  0  0  0  0  0 | bq = 1/24/2020
  0  0  0  0  0  0  0  0  0  0  0  0  0  0  0  0  0  0  0  0  0  0  0  0  0  0  0  0  0  0  0  0  0  0  0  0  0  0  0  0  0  0  0  2  0  0  5  0  3  0  0  0  2  0  0  0  0  2  0  0  0  1  4  0  2  0  0  0  1  0  2  0  0  0  0  0  0  0  0  0  0  0  0  0  0  0  0  0  0  0  0  0 | br = 1/23/2020
  0  0  0  0  0  0  0  0  0  0  0  0  0  2  0  0  0  0  0  0  0  0  0  0  0  0  0  0  0  0  0  0  0  0  0  0  0  0  0  0  0  0  0  2  0  0  0  0  3  1  0  0  0  0  0  0  0  0  0  0  1  4  0  0  4  0  0  0  4  0  2  1  0  0  0  0  0  0  0  0  0  0  0  0  0  0  0  0  0  0  0  0 | bs = 1/22/2020
  0  0  0  0  0  0  0  0  0  0  0  0  0  0  2  0  0  0  0  0  0  0  0  0  0  0  0  0  0  0  0  0  0  0  0  0  0  0  0  0  0  0  0  0  0  0  0  0  0  0  0  0  0  2  0  0  0  0  0  0  1  0  0  0  0  0  0  0  2  0  0  1  0  5  0  0  0  0  1  0  3  0  2  0  3  0  0  0  0  0  1  1 | bt = 1/21/2020
  0  0  0  0  0  0  0  0  0  0  0  0  0  0  0  0  0  0  0  0  0  0  0  0  0  0  0  0  0  0  0  0  0  0  0  0  0  0  0  0  0  0  0  0  0  0  0  0  0  0  0  0  0  0  0  0  0  0  0  0  0  0  0  0  0  0  0  0  0  0  0  0 11  1  0  2  0  0  0  0  0  0  0  0  2  1  0  3  0  0  2  2 | bu = 1/20/2020
  0  0  0  0  0  0  0  0  0  0  0  0  0  0  0  0  0  0  0  0  0  0  0  0  0  0  0  0  0  0  0  0  0  0  0  0  0  0  0  0  0  0  0  0  0  0  0  0  0  0  0  0  0  0  0  0  0  0  0  0  0  0  0  0  0  0  0  0  0  0  0  0  7  8  0  0  0  0  0  0  0  0  2  0  0  0  3  1  0  0  3  0 | bv = 1/19/2020
  0  0  0  0  0  0  0  0  0  0  0  0  0  0  0  0  0  0  0  0  0  0  0  0  0  0  0  0  0  0  0  0  0  0  0  0  0  0  0  0  0  0  0  0  0  0  0  0  0  0  0  0  0  0  0  0  0  0  0  0  0  0  0  0  0  0  0  0  0  0  0  0  1  3  1  1  1  1  0  0  0  0  2  0  5  1  1  3  1  0  3  0 | bw = 1/18/2020
  0  0  0  0  0  0  0  0  0  0  0  0  0  0  0  0  0  0  0  0  0  0  0  0  0  0  0  0  0  0  0  0  0  0  0  0  0  0  0  0  0  0  0  0  0  0  0  0  0  0  0  0  0  0  0  0  0  0  0  0  0  0  0  0  0  0  0  0  0  0  0  0  3  1  0  2  2  1  0  0  1  0  0  0  2  0  0  2  2  2  6  0 | bx = 1/17/2020
  0  0  0  0  0  0  0  0  0  0  0  0  0  0  0  0  0  0  0  0  0  0  0  0  0  0  0  0  0  0  0  0  0  0  0  0  0  0  0  0  0  0  0  0  0  0  0  0  0  0  0  0  0  0  0  0  0  0  0  0  0  0  0  0  0  0  0  0  0  0  0  0  0  2  0  3  1  2  2  0  5  0  0  0  0  0  6  0  0  0  0  3 | by = 1/16/2020
  0  0  0  0  0  0  0  0  0  0  0  0  0  0  0  0  0  0  0  0  0  0  0  0  0  0  0  0  0  0  0  0  0  0  0  0  0  0  0  0  0  0  0  0  0  0  0  0  0  0  0  0  0  0  0  0  0  0  0  0  0  0  0  0  0  0  0  0  0  0  0  0  0  6  0  0  5  4  6  1  0  0  0  2  0  0  0  0  0  0  0  0 | bz = 1/15/2020
  0  0  0  0  0  0  0  0  0  0  0  0  0  0  0  0  0  0  0  0  0  0  0  0  0  0  0  0  0  0  0  0  0  0  0  0  0  0  0  0  0  0  0  0  0  0  0  0  0  0  0  0  0  0  0  0  0  0  0  0  0  0  0  0  0  0  0  0  0  0  0  0  0  8  1  1  2  4  0  0  0  0  0  1  3  0  2  1  0  0  1  0 | ca = 1/14/2020
  0  0  0  0  0  0  0  0  0  0  0  0  0  0  0  0  0  0  0  0  0  0  0  0  0  0  0  0  0  0  0  0  0  0  0  0  0  0  0  0  0  0  0  0  0  0  0  0  0  0  0  0  0  0  0  0  0  0  0  0  0  0  0  0  0  0  0  0  0  0  0  0  1  0  0  1  0  0  1 12  1  0  5  1  0  0  0  0  1  1  0  0 | cb = 1/13/2020
  0  0  0  0  0  0  0  0  0  0  0  0  0  0  0  0  0  0  0  0  0  0  0  0  0  0  0  0  0  0  0  0  0  0  0  0  0  0  0  0  0  0  0  0  0  0  0  0  0  0  0  0  0  0  0  0  0  0  0  0  0  0  0  0  0  0  0  0  0  0  0  0  0  2  1  1  2  1  2  0  5  0  3  1  0  0  4  0  1  1  0  0 | cc = 1/12/2020
  0  0  0  0  0  0  0  0  0  0  0  0  0  0  0  0  0  0  0  0  0  0  0  0  0  0  0  0  0  0  0  0  0  0  0  0  0  0  0  0  0  0  0  0  0  0  0  0  0  0  0  0  0  0  0  0  0  0  0  0  0  0  0  0  0  0  0  0  0  0  0  0  0  6  1  0  0  4  1  0  0  0  2  2  3  0  3  0  1  0  0  1 | cd = 1/11/2020
  0  0  0  0  0  0  0  0  0  0  0  0  0  0  0  0  0  0  0  0  0  0  0  0  0  0  0  0  0  0  0  0  0  0  0  0  0  0  0  0  0  0  0  0  0  0  0  0  0  0  0  0  0  0  0  0  0  0  0  0  0  0  0  0  0  0  0  0  0  0  0  0  2  2  0  1  0  0  0  1  0  0 12  0  2  0  0  0  1  1  1  1 | ce = 1/10/2020
  0  0  0  0  0  0  0  0  0  0  0  0  0  0  0  0  0  0  0  0  0  0  0  0  0  0  0  0  0  0  0  0  0  0  0  0  0  0  0  0  0  0  0  0  0  0  0  0  0  0  0  0  0  0  0  0  0  0  0  0  0  0  0  0  0  0  0  0  0  0  0  0  0  0  2  1  0  0  0  0  0  0  0  1  7  0  0  0  5  6  1  1 | cf = 1/9/2020
  0  0  0  0  0  0  0  0  0  0  0  0  0  0  0  0  0  0  0  0  0  0  0  0  0  0  0  0  0  0  0  0  0  0  0  0  0  0  0  0  0  0  0  0  0  0  0  0  0  0  0  0  0  0  0  0  0  0  0  0  0  0  0  0  0  0  0  0  0  0  0  0  0  0  0  0  0  0  0  0  0  0  2  1 13  0  0  0  2  6  0  0 | cg = 1/8/2020
  0  0  0  0  0  0  0  0  0  0  0  0  0  0  0  0  0  0  0  0  0  0  0  0  0  0  0  0  0  0  0  0  0  0  0  0  0  0  0  0  0  0  0  0  0  0  0  0  0  0  0  0  0  0  0  0  0  0  0  0  0  0  0  0  0  0  0  0  0  0  0  0  1  0  0  0  0  0  0  0  0  0  0  0  1 22  0  0  0  0  0  0 | ch = 1/7/2020
  0  0  0  0  0  0  0  0  0  0  0  0  0  0  0  0  0  0  0  0  0  0  0  0  0  0  0  0  0  0  0  0  0  0  0  0  0  0  0  0  0  0  0  0  0  0  0  0  0  0  0  0  0  0  0  0  0  0  0  0  0  0  0  0  0  0  0  0  0  0  0  0  1  9  5  5  1  0  0  0  0  0  0  0  0  0  2  0  0  0  1  0 | ci = 1/6/2020
  0  0  0  0  0  0  0  0  0  0  0  0  0  0  0  0  0  0  0  0  0  0  0  0  0  0  0  0  0  0  0  0  0  0  0  0  0  0  0  0  0  0  0  0  0  0  0  0  0  0  0  0  0  0  0  0  0  0  0  0  0  0  0  0  0  0  0  0  0  0  0  0  2  0  0  2  0  0  0  0  0  0  0  1  6  0  0  8  2  0  3  0 | cj = 1/5/2020
  0  0  0  0  0  0  0  0  0  0  0  0  0  0  0  0  0  0  0  0  0  0  0  0  0  0  0  0  0  0  0  0  0  0  0  0  0  0  0  0  0  0  0  0  0  0  0  0  0  0  0  0  0  0  0  0  0  0  0  0  0  0  0  0  0  0  0  0  0  0  0  0  0  0  1  1  0  0  0  0  0  0  1  0  1  0  0  1 14  3  2  0 | ck = 1/4/2020
  0  0  0  0  0  0  0  0  0  0  0  0  0  0  0  0  0  0  0  0  0  0  0  0  0  0  0  0  0  0  0  0  0  0  0  0  0  0  0  0  0  0  0  0  0  0  0  0  0  0  0  0  0  0  0  0  0  0  0  0  0  0  0  0  0  0  0  0  0  0  0  0  0  0  0  0  0  0  0  0  0  0  0  1  5  0  0  0  2 13  3  0 | cl = 1/3/2020
  0  0  0  0  0  0  0  0  0  0  0  0  0  0  0  0  0  0  0  0  0  0  0  0  0  0  0  0  0  0  0  0  0  0  0  0  0  0  0  0  0  0  0  0  0  0  0  0  0  0  0  0  0  0  0  0  0  0  0  0  0  0  0  0  0  0  0  0  0  0  0  0  0  0  0  6  0  0  0  2  0  0  1  1  2  0  0  1  3  2  5  1 | cm = 1/2/2020
  0  0  0  0  0  0  0  0  0  0  0  0  0  0  0  0  0  0  0  0  0  0  0  0  0  0  0  0  0  0  0  0  0  0  0  0  0  0  0  0  0  0  0  0  0  0  0  0  0  0  0  0  0  0  0  0  0  0  0  0  0  0  0  0  0  0  0  0  0  0  0  0  0  0  0  1  0  0  0  0  0  0  1  0  1  0  0  3  5  1  3  7 | cn = 1/1/2020

